trial,testing,parameters,initial_deadline,final_deadline,net_reward,actions,success
1,False,"{'a': 0.001, 'e': 0.999000499833375}",25,0,-250.5162534816039,"{0: 11, 1: 1, 2: 6, 3: 4, 4: 3}",0
2,False,"{'a': 0.001, 'e': 0.9980019986673331}",25,0,-179.27048173340964,"{0: 13, 1: 3, 2: 6, 3: 0, 4: 3}",0
3,False,"{'a': 0.001, 'e': 0.997004495503373}",20,4,-85.48689899040207,"{0: 9, 1: 2, 2: 3, 3: 1, 4: 1}",1
4,False,"{'a': 0.001, 'e': 0.9960079893439915}",20,0,-115.7056496673861,"{0: 14, 1: 1, 2: 2, 3: 1, 4: 2}",0
5,False,"{'a': 0.001, 'e': 0.9950124791926823}",25,0,-117.05272851358521,"{0: 12, 1: 5, 2: 7, 3: 0, 4: 1}",0
6,False,"{'a': 0.001, 'e': 0.9940179640539353}",20,0,-171.2459990846829,"{0: 10, 1: 4, 2: 2, 3: 1, 4: 3}",0
7,False,"{'a': 0.001, 'e': 0.9930244429332351}",20,0,-136.09719155678854,"{0: 10, 1: 2, 2: 6, 3: 0, 4: 2}",0
8,False,"{'a': 0.001, 'e': 0.9920319148370607}",25,0,-209.3801736706711,"{0: 12, 1: 3, 2: 6, 3: 1, 4: 3}",0
9,False,"{'a': 0.001, 'e': 0.9910403787728836}",20,0,-98.27565258998659,"{0: 11, 1: 3, 2: 4, 3: 1, 4: 1}",0
10,False,"{'a': 0.001, 'e': 0.9900498337491681}",30,0,-107.39911626051232,"{0: 19, 1: 2, 2: 8, 3: 0, 4: 1}",0
11,False,"{'a': 0.001, 'e': 0.9890602787753687}",20,0,-131.33191818116143,"{0: 11, 1: 4, 2: 2, 3: 1, 4: 2}",0
12,False,"{'a': 0.001, 'e': 0.9880717128619305}",25,0,-199.80318763647003,"{0: 14, 1: 1, 2: 5, 3: 2, 4: 3}",0
13,False,"{'a': 0.001, 'e': 0.9870841350202876}",20,0,-124.84442399525247,"{0: 12, 1: 1, 2: 5, 3: 0, 4: 2}",0
14,False,"{'a': 0.001, 'e': 0.9860975442628619}",20,0,-93.025242145224,"{0: 12, 1: 2, 2: 4, 3: 1, 4: 1}",1
15,False,"{'a': 0.001, 'e': 0.9851119396030626}",20,11,7.140238612465243,"{0: 8, 1: 1, 2: 0, 3: 0, 4: 0}",1
16,False,"{'a': 0.001, 'e': 0.9841273200552851}",30,0,-115.8212849451693,"{0: 21, 1: 2, 2: 5, 3: 0, 4: 2}",0
17,False,"{'a': 0.001, 'e': 0.9831436846349096}",25,0,-53.27101213812012,"{0: 19, 1: 2, 2: 2, 3: 2, 4: 0}",0
18,False,"{'a': 0.001, 'e': 0.9821610323583008}",30,0,-112.88165176288068,"{0: 19, 1: 3, 2: 7, 3: 0, 4: 1}",0
19,False,"{'a': 0.001, 'e': 0.981179362242806}",30,16,-86.6414062890728,"{0: 10, 1: 0, 2: 2, 3: 0, 4: 2}",1
20,False,"{'a': 0.001, 'e': 0.9801986733067553}",20,0,-89.48784772173157,"{0: 15, 1: 1, 2: 2, 3: 0, 4: 2}",0
21,False,"{'a': 0.001, 'e': 0.9792189645694596}",20,0,-47.50397057301404,"{0: 13, 1: 4, 2: 2, 3: 1, 4: 0}",0
22,False,"{'a': 0.001, 'e': 0.97824023505121}",20,0,-13.053726672003348,"{0: 17, 1: 0, 2: 3, 3: 0, 4: 0}",0
23,False,"{'a': 0.001, 'e': 0.9772624837732771}",20,0,-165.6885706455198,"{0: 8, 1: 3, 2: 6, 3: 1, 4: 2}",0
24,False,"{'a': 0.001, 'e': 0.9762857097579093}",20,0,-188.39889174373153,"{0: 9, 1: 2, 2: 5, 3: 1, 4: 3}",0
25,False,"{'a': 0.001, 'e': 0.9753099120283326}",25,15,-46.28767700397562,"{0: 7, 1: 0, 2: 2, 3: 0, 4: 1}",1
26,False,"{'a': 0.001, 'e': 0.9743350896087494}",20,0,-31.626516761045306,"{0: 14, 1: 2, 2: 4, 3: 0, 4: 0}",0
27,False,"{'a': 0.001, 'e': 0.9733612415243368}",20,0,-88.28936094908318,"{0: 13, 1: 2, 2: 3, 3: 1, 4: 1}",0
28,False,"{'a': 0.001, 'e': 0.9723883668012469}",20,0,-88.88522724622194,"{0: 11, 1: 4, 2: 4, 3: 0, 4: 1}",0
29,False,"{'a': 0.001, 'e': 0.9714164644666048}",20,0,-91.85554022792317,"{0: 11, 1: 4, 2: 4, 3: 0, 4: 1}",0
30,False,"{'a': 0.001, 'e': 0.9704455335485082}",25,0,-111.93192239845871,"{0: 15, 1: 1, 2: 8, 3: 0, 4: 1}",0
31,False,"{'a': 0.001, 'e': 0.9694755730760259}",25,0,-145.57473479500754,"{0: 11, 1: 1, 2: 11, 3: 2, 4: 0}",0
32,False,"{'a': 0.001, 'e': 0.9685065820791976}",20,0,-69.09400804126092,"{0: 14, 1: 2, 2: 3, 3: 0, 4: 1}",0
33,False,"{'a': 0.001, 'e': 0.967538559589032}",30,0,-103.46008278895829,"{0: 18, 1: 5, 2: 6, 3: 0, 4: 1}",0
34,False,"{'a': 0.001, 'e': 0.9665715046375066}",20,0,-141.872900745035,"{0: 9, 1: 3, 2: 4, 3: 3, 4: 1}",0
35,False,"{'a': 0.001, 'e': 0.9656054162575665}",20,0,-63.07603168390054,"{0: 13, 1: 1, 2: 5, 3: 1, 4: 0}",0
36,False,"{'a': 0.001, 'e': 0.9646402934831231}",25,0,-134.5403220937147,"{0: 16, 1: 1, 2: 5, 3: 1, 4: 2}",0
37,False,"{'a': 0.001, 'e': 0.9636761353490535}",20,0,-154.19520187946736,"{0: 11, 1: 3, 2: 3, 3: 0, 4: 3}",0
38,False,"{'a': 0.001, 'e': 0.9627129408911995}",30,0,-98.42687576782137,"{0: 21, 1: 3, 2: 4, 3: 1, 4: 1}",0
39,False,"{'a': 0.001, 'e': 0.9617507091463667}",20,0,-224.2851846682408,"{0: 12, 1: 1, 2: 1, 3: 1, 4: 5}",0
40,False,"{'a': 0.001, 'e': 0.9607894391523232}",20,4,-41.920862191122545,"{0: 13, 1: 1, 2: 1, 3: 0, 4: 1}",1
41,False,"{'a': 0.001, 'e': 0.9598291299477989}",20,0,-89.9590054851038,"{0: 13, 1: 1, 2: 4, 3: 1, 4: 1}",0
42,False,"{'a': 0.001, 'e': 0.9588697805724845}",25,0,-152.70184363422493,"{0: 16, 1: 2, 2: 4, 3: 0, 4: 3}",0
43,False,"{'a': 0.001, 'e': 0.9579113900670306}",25,0,-117.29617309736093,"{0: 14, 1: 2, 2: 8, 3: 0, 4: 1}",0
44,False,"{'a': 0.001, 'e': 0.9569539574730467}",20,0,-196.3840367529992,"{0: 9, 1: 4, 2: 3, 3: 0, 4: 4}",0
45,False,"{'a': 0.001, 'e': 0.9559974818331}",30,0,-256.68847643159563,"{0: 15, 1: 4, 2: 5, 3: 2, 4: 4}",0
46,False,"{'a': 0.001, 'e': 0.9550419621907147}",20,0,-50.04351768131908,"{0: 13, 1: 3, 2: 3, 3: 1, 4: 0}",0
47,False,"{'a': 0.001, 'e': 0.9540873975903711}",20,0,-44.89455255346743,"{0: 13, 1: 2, 2: 5, 3: 0, 4: 0}",0
48,False,"{'a': 0.001, 'e': 0.9531337870775047}",20,0,-145.06319053875276,"{0: 11, 1: 3, 2: 2, 3: 2, 4: 2}",0
49,False,"{'a': 0.001, 'e': 0.9521811296985049}",20,0,-62.96886724827097,"{0: 13, 1: 4, 2: 2, 3: 0, 4: 1}",0
50,False,"{'a': 0.001, 'e': 0.951229424500714}",25,0,-125.01226683041548,"{0: 12, 1: 4, 2: 8, 3: 0, 4: 1}",0
51,False,"{'a': 0.001, 'e': 0.950278670532427}",20,0,-69.48960491037289,"{0: 10, 1: 6, 2: 3, 3: 1, 4: 0}",0
52,False,"{'a': 0.001, 'e': 0.9493288668428895}",25,1,-204.59539863466105,"{0: 13, 1: 3, 2: 4, 3: 0, 4: 4}",1
53,False,"{'a': 0.001, 'e': 0.9483800124822982}",30,0,-171.45882938397577,"{0: 16, 1: 3, 2: 8, 3: 1, 4: 2}",0
54,False,"{'a': 0.001, 'e': 0.9474321065017983}",25,0,-89.41318668915473,"{0: 13, 1: 3, 2: 9, 3: 0, 4: 0}",0
55,False,"{'a': 0.001, 'e': 0.9464851479534838}",20,0,-88.05424749796137,"{0: 11, 1: 6, 2: 1, 3: 1, 4: 1}",0
56,False,"{'a': 0.001, 'e': 0.9455391358903963}",20,0,-180.24093446978938,"{0: 9, 1: 4, 2: 3, 3: 1, 4: 3}",0
57,False,"{'a': 0.001, 'e': 0.9445940693665233}",25,0,-171.57227648837056,"{0: 14, 1: 2, 2: 6, 3: 0, 4: 3}",0
58,False,"{'a': 0.001, 'e': 0.9436499474367985}",20,0,-99.39233170974981,"{0: 11, 1: 3, 2: 4, 3: 1, 4: 1}",0
59,False,"{'a': 0.001, 'e': 0.9427067691570997}",30,0,-143.6280800949003,"{0: 20, 1: 3, 2: 3, 3: 2, 4: 2}",0
60,False,"{'a': 0.001, 'e': 0.9417645335842487}",30,7,-22.250663804272236,"{0: 16, 1: 4, 2: 3, 3: 0, 4: 0}",1
61,False,"{'a': 0.001, 'e': 0.9408232397760097}",25,0,-221.35942243612385,"{0: 14, 1: 2, 2: 4, 3: 1, 4: 4}",0
62,False,"{'a': 0.001, 'e': 0.9398828867910889}",25,15,-10.686840846256702,"{0: 8, 1: 1, 2: 0, 3: 1, 4: 0}",1
63,False,"{'a': 0.001, 'e': 0.9389434736891332}",20,0,-116.36733337562633,"{0: 11, 1: 3, 2: 3, 3: 2, 4: 1}",0
64,False,"{'a': 0.001, 'e': 0.9380049995307295}",20,0,-100.57105488549783,"{0: 11, 1: 3, 2: 4, 3: 1, 4: 1}",0
65,False,"{'a': 0.001, 'e': 0.9370674633774034}",20,0,-140.5949037837305,"{0: 13, 1: 1, 2: 1, 3: 3, 4: 2}",0
66,False,"{'a': 0.001, 'e': 0.9361308642916188}",20,0,-169.4166920613545,"{0: 7, 1: 5, 2: 5, 3: 1, 4: 2}",0
67,False,"{'a': 0.001, 'e': 0.9351952013367766}",20,0,-129.1974997150817,"{0: 12, 1: 4, 2: 0, 3: 2, 4: 2}",0
68,False,"{'a': 0.001, 'e': 0.9342604735772135}",30,0,-186.2400920375386,"{0: 18, 1: 1, 2: 6, 3: 3, 4: 2}",0
69,False,"{'a': 0.001, 'e': 0.933326680078202}",25,0,-207.652120920756,"{0: 11, 1: 6, 2: 3, 3: 2, 4: 3}",0
70,False,"{'a': 0.001, 'e': 0.9323938199059483}",20,0,-87.43725214446735,"{0: 12, 1: 3, 2: 4, 3: 0, 4: 1}",0
71,False,"{'a': 0.001, 'e': 0.9314618921275921}",25,0,-102.69839130007267,"{0: 14, 1: 3, 2: 6, 3: 2, 4: 0}",0
72,False,"{'a': 0.001, 'e': 0.9305308958112057}",20,0,-115.98473558621244,"{0: 9, 1: 4, 2: 5, 3: 1, 4: 1}",0
73,False,"{'a': 0.001, 'e': 0.9296008300257927}",20,0,-127.12092792654128,"{0: 12, 1: 1, 2: 4, 3: 1, 4: 2}",0
74,False,"{'a': 0.001, 'e': 0.9286716938412872}",20,0,-76.70302757125471,"{0: 11, 1: 5, 2: 2, 3: 2, 4: 0}",0
75,False,"{'a': 0.001, 'e': 0.9277434863285529}",30,0,-86.62613719547981,"{0: 18, 1: 5, 2: 6, 3: 1, 4: 0}",0
76,False,"{'a': 0.001, 'e': 0.9268162065593822}",25,0,-65.46331701791095,"{0: 15, 1: 4, 2: 6, 3: 0, 4: 0}",0
77,False,"{'a': 0.001, 'e': 0.9258898536064953}",35,0,-243.83324854727377,"{0: 19, 1: 3, 2: 9, 3: 0, 4: 4}",0
78,False,"{'a': 0.001, 'e': 0.9249644265435393}",30,0,-273.41741980773526,"{0: 15, 1: 1, 2: 8, 3: 2, 4: 4}",0
79,False,"{'a': 0.001, 'e': 0.9240399244450868}",20,10,-31.881383387676905,"{0: 6, 1: 2, 2: 1, 3: 1, 4: 0}",1
80,False,"{'a': 0.001, 'e': 0.9231163463866358}",20,0,-102.5927927433845,"{0: 12, 1: 3, 2: 2, 3: 2, 4: 1}",0
81,False,"{'a': 0.001, 'e': 0.922193691444608}",30,3,-28.20897691428437,"{0: 21, 1: 2, 2: 4, 3: 0, 4: 0}",1
82,False,"{'a': 0.001, 'e': 0.9212719586963487}",20,0,-124.24732906216447,"{0: 10, 1: 3, 2: 4, 3: 2, 4: 1}",0
83,False,"{'a': 0.001, 'e': 0.9203511472201247}",25,0,-111.78753536397271,"{0: 14, 1: 4, 2: 5, 3: 1, 4: 1}",0
84,False,"{'a': 0.001, 'e': 0.9194312560951247}",20,0,-69.87354453444179,"{0: 15, 1: 1, 2: 2, 3: 1, 4: 1}",0
85,False,"{'a': 0.001, 'e': 0.9185122844014574}",25,0,-67.66576783555924,"{0: 15, 1: 4, 2: 6, 3: 0, 4: 0}",0
86,False,"{'a': 0.001, 'e': 0.9175942312201509}",35,0,-128.62092608021044,"{0: 20, 1: 8, 2: 5, 3: 1, 4: 1}",0
87,False,"{'a': 0.001, 'e': 0.9166770956331523}",35,24,-41.5956045176832,"{0: 8, 1: 1, 2: 1, 3: 0, 4: 1}",1
88,False,"{'a': 0.001, 'e': 0.9157608767233256}",20,0,-60.99125194556387,"{0: 14, 1: 2, 2: 3, 3: 0, 4: 1}",0
89,False,"{'a': 0.001, 'e': 0.914845573574452}",20,0,-60.51282706819018,"{0: 12, 1: 3, 2: 4, 3: 1, 4: 0}",0
90,False,"{'a': 0.001, 'e': 0.9139311852712282}",25,0,-151.6359619444102,"{0: 17, 1: 2, 2: 2, 3: 1, 4: 3}",0
91,False,"{'a': 0.001, 'e': 0.9130177108992658}",20,0,-158.33100550245425,"{0: 11, 1: 3, 2: 2, 3: 1, 4: 3}",0
92,False,"{'a': 0.001, 'e': 0.9121051495450904}",25,0,-90.10888165044894,"{0: 17, 1: 3, 2: 3, 3: 1, 4: 1}",0
93,False,"{'a': 0.001, 'e': 0.9111935002961405}",25,0,-72.22242797172137,"{0: 17, 1: 1, 2: 5, 3: 2, 4: 0}",0
94,False,"{'a': 0.001, 'e': 0.910282762240767}",20,0,-115.66113984843132,"{0: 12, 1: 3, 2: 2, 3: 1, 4: 2}",0
95,False,"{'a': 0.001, 'e': 0.9093729344682314}",25,0,-139.65500144746474,"{0: 15, 1: 3, 2: 4, 3: 1, 4: 2}",0
96,False,"{'a': 0.001, 'e': 0.9084640160687062}",25,0,-114.22661752345084,"{0: 14, 1: 4, 2: 5, 3: 1, 4: 1}",0
97,False,"{'a': 0.001, 'e': 0.9075560061332727}",20,0,-93.75306016314887,"{0: 11, 1: 5, 2: 2, 3: 1, 4: 1}",0
98,False,"{'a': 0.001, 'e': 0.9066489037539209}",30,0,-211.56805591380908,"{0: 15, 1: 9, 2: 2, 3: 0, 4: 4}",0
99,False,"{'a': 0.001, 'e': 0.9057427080235485}",30,0,-47.537460267298066,"{0: 21, 1: 4, 2: 5, 3: 0, 4: 0}",0
100,False,"{'a': 0.001, 'e': 0.9048374180359595}",25,0,-134.79869392143726,"{0: 15, 1: 3, 2: 4, 3: 1, 4: 2}",0
101,False,"{'a': 0.001, 'e': 0.9039330328858641}",20,0,-80.33957922637232,"{0: 14, 1: 1, 2: 3, 3: 1, 4: 1}",0
102,False,"{'a': 0.001, 'e': 0.9030295516688768}",30,0,-196.6704261684421,"{0: 15, 1: 3, 2: 8, 3: 2, 4: 2}",0
103,False,"{'a': 0.001, 'e': 0.9021269734815165}",20,0,-33.09789223573681,"{0: 16, 1: 0, 2: 3, 3: 1, 4: 0}",0
104,False,"{'a': 0.001, 'e': 0.9012252974212047}",25,0,-109.30196959758702,"{0: 17, 1: 2, 2: 4, 3: 0, 4: 2}",0
105,False,"{'a': 0.001, 'e': 0.9003245225862656}",20,13,-7.488220198713621,"{0: 5, 1: 1, 2: 1, 3: 0, 4: 0}",1
106,False,"{'a': 0.001, 'e': 0.899424648075924}",25,13,-79.55584612038147,"{0: 7, 1: 2, 2: 0, 3: 2, 4: 1}",1
107,False,"{'a': 0.001, 'e': 0.8985256729903055}",30,0,-156.71400611765665,"{0: 17, 1: 4, 2: 6, 3: 1, 4: 2}",0
108,False,"{'a': 0.001, 'e': 0.8976275964304349}",25,0,-27.53352439572956,"{0: 18, 1: 5, 2: 2, 3: 0, 4: 0}",0
109,False,"{'a': 0.001, 'e': 0.8967304174982355}",20,5,-112.81516761314153,"{0: 8, 1: 1, 2: 4, 3: 0, 4: 2}",1
110,False,"{'a': 0.001, 'e': 0.8958341352965282}",25,0,-77.85739993160215,"{0: 15, 1: 5, 2: 3, 3: 2, 4: 0}",0
111,False,"{'a': 0.001, 'e': 0.894938748929031}",25,0,-78.01811339243497,"{0: 16, 1: 3, 2: 4, 3: 2, 4: 0}",0
112,False,"{'a': 0.001, 'e': 0.8940442575003572}",20,6,-131.84826424018772,"{0: 8, 1: 1, 2: 2, 3: 0, 4: 3}",1
113,False,"{'a': 0.001, 'e': 0.8931506601160155}",30,0,-156.876468790194,"{0: 21, 1: 2, 2: 3, 3: 1, 4: 3}",0
114,False,"{'a': 0.001, 'e': 0.8922579558824083}",20,0,-127.8919077899885,"{0: 13, 1: 3, 2: 1, 3: 0, 4: 3}",0
115,False,"{'a': 0.001, 'e': 0.8913661439068313}",30,0,-180.45142156352782,"{0: 16, 1: 7, 2: 3, 3: 1, 4: 3}",0
116,False,"{'a': 0.001, 'e': 0.8904752232974726}",30,8,-55.90507272853593,"{0: 16, 1: 3, 2: 2, 3: 0, 4: 1}",1
117,False,"{'a': 0.001, 'e': 0.8895851931634113}",20,1,-16.79780345460945,"{0: 14, 1: 2, 2: 3, 3: 0, 4: 0}",1
118,False,"{'a': 0.001, 'e': 0.8886960526146174}",25,3,-102.54310672085644,"{0: 13, 1: 2, 2: 5, 3: 1, 4: 1}",1
119,False,"{'a': 0.001, 'e': 0.8878078007619501}",20,13,-18.08773892719431,"{0: 4, 1: 1, 2: 2, 3: 0, 4: 0}",1
120,False,"{'a': 0.001, 'e': 0.8869204367171575}",35,0,-206.60318987191093,"{0: 20, 1: 5, 2: 6, 3: 1, 4: 3}",0
121,False,"{'a': 0.001, 'e': 0.8860339595928756}",20,0,-51.87318534317156,"{0: 14, 1: 3, 2: 2, 3: 0, 4: 1}",0
122,False,"{'a': 0.001, 'e': 0.8851483685026271}",20,0,-72.2489452056047,"{0: 12, 1: 1, 2: 6, 3: 1, 4: 0}",0
123,False,"{'a': 0.001, 'e': 0.8842636625608209}",30,3,-119.53446767104269,"{0: 17, 1: 4, 2: 4, 3: 0, 4: 2}",1
124,False,"{'a': 0.001, 'e': 0.8833798408827509}",25,0,-117.34245618537246,"{0: 15, 1: 1, 2: 7, 3: 1, 4: 1}",0
125,False,"{'a': 0.001, 'e': 0.8824969025845955}",20,3,-29.5787132875817,"{0: 12, 1: 1, 2: 4, 3: 0, 4: 0}",1
126,False,"{'a': 0.001, 'e': 0.8816148467834161}",20,0,-147.30089004337876,"{0: 9, 1: 4, 2: 4, 3: 1, 4: 2}",0
127,False,"{'a': 0.001, 'e': 0.880733672597157}",30,0,-153.88820421619616,"{0: 15, 1: 3, 2: 11, 3: 0, 4: 1}",0
128,False,"{'a': 0.001, 'e': 0.8798533791446438}",20,0,-160.20431584684908,"{0: 11, 1: 4, 2: 0, 3: 2, 4: 3}",0
129,False,"{'a': 0.001, 'e': 0.8789739655455832}",25,8,-30.15160416882887,"{0: 12, 1: 3, 2: 1, 3: 1, 4: 0}",1
130,False,"{'a': 0.001, 'e': 0.8780954309205613}",25,4,-67.62803088816145,"{0: 14, 1: 3, 2: 3, 3: 0, 4: 1}",1
131,False,"{'a': 0.001, 'e': 0.8772177743910435}",20,0,-44.24275466152417,"{0: 14, 1: 1, 2: 4, 3: 1, 4: 0}",0
132,False,"{'a': 0.001, 'e': 0.8763409950793732}",20,0,-121.05333803765434,"{0: 10, 1: 3, 2: 4, 3: 2, 4: 1}",0
133,False,"{'a': 0.001, 'e': 0.8754650921087711}",25,0,-124.6198044913177,"{0: 15, 1: 2, 2: 5, 3: 2, 4: 1}",0
134,False,"{'a': 0.001, 'e': 0.874590064603334}",25,0,-54.270521511408674,"{0: 17, 1: 3, 2: 4, 3: 1, 4: 0}",0
135,False,"{'a': 0.001, 'e': 0.8737159116880344}",25,13,-9.693835392466108,"{0: 9, 1: 1, 2: 2, 3: 0, 4: 0}",1
136,False,"{'a': 0.001, 'e': 0.8728426324887193}",25,0,-95.63458930592411,"{0: 15, 1: 4, 2: 5, 3: 0, 4: 1}",0
137,False,"{'a': 0.001, 'e': 0.8719702261321094}",25,0,-83.11723248586327,"{0: 17, 1: 2, 2: 5, 3: 0, 4: 1}",0
138,False,"{'a': 0.001, 'e': 0.8710986917457983}",25,0,-177.20280713114204,"{0: 12, 1: 2, 2: 8, 3: 1, 4: 2}",0
139,False,"{'a': 0.001, 'e': 0.8702280284582515}",20,0,-40.82057812076723,"{0: 15, 1: 0, 2: 4, 3: 1, 4: 0}",0
140,False,"{'a': 0.001, 'e': 0.8693582353988059}",25,5,-17.66846237801817,"{0: 16, 1: 3, 2: 0, 3: 1, 4: 0}",1
141,False,"{'a': 0.001, 'e': 0.8684893116976679}",25,0,-155.23888835888533,"{0: 13, 1: 2, 2: 8, 3: 0, 4: 2}",0
142,False,"{'a': 0.001, 'e': 0.867621256485914}",20,0,-90.32101019942898,"{0: 12, 1: 2, 2: 5, 3: 0, 4: 1}",0
143,False,"{'a': 0.001, 'e': 0.8667540688954889}",20,0,-259.3183214627944,"{0: 7, 1: 0, 2: 7, 3: 2, 4: 4}",0
144,False,"{'a': 0.001, 'e': 0.865887748059205}",25,2,-108.8897987868305,"{0: 11, 1: 6, 2: 5, 3: 0, 4: 1}",1
145,False,"{'a': 0.001, 'e': 0.8650222931107413}",25,0,-88.57285749924688,"{0: 16, 1: 2, 2: 6, 3: 0, 4: 1}",0
146,False,"{'a': 0.001, 'e': 0.8641577031846428}",20,0,-110.32249723899402,"{0: 13, 1: 1, 2: 4, 3: 0, 4: 2}",0
147,False,"{'a': 0.001, 'e': 0.8632939774163194}",20,9,-64.79148613777456,"{0: 6, 1: 1, 2: 3, 3: 0, 4: 1}",1
148,False,"{'a': 0.001, 'e': 0.8624311149420455}",25,0,-122.4112908845852,"{0: 19, 1: 2, 2: 1, 3: 0, 4: 3}",0
149,False,"{'a': 0.001, 'e': 0.8615691148989583}",25,0,-82.06127185897387,"{0: 18, 1: 2, 2: 3, 3: 1, 4: 1}",0
150,False,"{'a': 0.001, 'e': 0.8607079764250578}",25,0,-107.21066457270466,"{0: 14, 1: 4, 2: 6, 3: 0, 4: 1}",0
151,False,"{'a': 0.001, 'e': 0.8598476986592055}",25,0,-188.54554558770286,"{0: 13, 1: 4, 2: 4, 3: 1, 4: 3}",0
152,False,"{'a': 0.001, 'e': 0.8589882807411234}",25,0,-29.502275732592793,"{0: 18, 1: 4, 2: 3, 3: 0, 4: 0}",0
153,False,"{'a': 0.001, 'e': 0.8581297218113938}",20,0,-144.4920497752241,"{0: 13, 1: 2, 2: 1, 3: 1, 4: 3}",0
154,False,"{'a': 0.001, 'e': 0.8572720210114575}",30,0,-83.15009284664544,"{0: 18, 1: 5, 2: 6, 3: 1, 4: 0}",0
155,False,"{'a': 0.001, 'e': 0.8564151774836135}",25,0,-232.90228514117422,"{0: 11, 1: 3, 2: 7, 3: 0, 4: 4}",0
156,False,"{'a': 0.001, 'e': 0.8555591903710185}",25,0,-71.26734217702506,"{0: 18, 1: 3, 2: 2, 3: 1, 4: 1}",0
157,False,"{'a': 0.001, 'e': 0.8547040588176851}",20,10,-15.267666154735274,"{0: 7, 1: 0, 2: 3, 3: 0, 4: 0}",1
158,False,"{'a': 0.001, 'e': 0.8538497819684817}",25,0,-132.37511445887617,"{0: 15, 1: 2, 2: 6, 3: 0, 4: 2}",0
159,False,"{'a': 0.001, 'e': 0.8529963589691315}",25,2,-133.7522182094117,"{0: 13, 1: 1, 2: 7, 3: 0, 4: 2}",1
160,False,"{'a': 0.001, 'e': 0.8521437889662113}",25,0,-182.75083135810976,"{0: 16, 1: 1, 2: 4, 3: 0, 4: 4}",0
161,False,"{'a': 0.001, 'e': 0.8512920711071511}",30,0,-38.88590805689771,"{0: 23, 1: 2, 2: 4, 3: 1, 4: 0}",0
162,False,"{'a': 0.001, 'e': 0.850441204540233}",20,9,-48.33647640334244,"{0: 8, 1: 0, 2: 2, 3: 0, 4: 1}",1
163,False,"{'a': 0.001, 'e': 0.8495911884145902}",25,17,-47.02703938920866,"{0: 5, 1: 1, 2: 1, 3: 0, 4: 1}",1
164,False,"{'a': 0.001, 'e': 0.8487420218802068}",20,0,-131.0043874087577,"{0: 13, 1: 0, 2: 3, 3: 2, 4: 2}",0
165,False,"{'a': 0.001, 'e': 0.8478937040879159}",30,0,-142.12161106987722,"{0: 18, 1: 1, 2: 8, 3: 2, 4: 1}",0
166,False,"{'a': 0.001, 'e': 0.8470462341893996}",20,1,-26.295218733923527,"{0: 13, 1: 3, 2: 3, 3: 0, 4: 0}",1
167,False,"{'a': 0.001, 'e': 0.8461996113371882}",25,0,-49.71475440756139,"{0: 21, 1: 1, 2: 1, 3: 1, 4: 1}",0
168,False,"{'a': 0.001, 'e': 0.8453538346846587}",20,0,-106.67929479015086,"{0: 12, 1: 1, 2: 4, 3: 2, 4: 1}",0
169,False,"{'a': 0.001, 'e': 0.8445089033860343}",20,0,-139.73007007036878,"{0: 12, 1: 3, 2: 2, 3: 0, 4: 3}",0
170,False,"{'a': 0.001, 'e': 0.8436648165963837}",35,0,-145.73002254156214,"{0: 22, 1: 4, 2: 5, 3: 3, 4: 1}",0
171,False,"{'a': 0.001, 'e': 0.8428215734716199}",20,0,-102.13289772788248,"{0: 11, 1: 1, 2: 7, 3: 0, 4: 1}",0
172,False,"{'a': 0.001, 'e': 0.8419791731684999}",20,0,-144.08002566977018,"{0: 10, 1: 5, 2: 1, 3: 2, 4: 2}",0
173,False,"{'a': 0.001, 'e': 0.8411376148446232}",25,0,-175.89374285753087,"{0: 14, 1: 2, 2: 6, 3: 0, 4: 3}",0
174,False,"{'a': 0.001, 'e': 0.8402968976584314}",20,0,-7.494102681582543,"{0: 16, 1: 2, 2: 2, 3: 0, 4: 0}",1
175,False,"{'a': 0.001, 'e': 0.8394570207692074}",20,0,-50.6376304365127,"{0: 13, 1: 3, 2: 3, 3: 1, 4: 0}",0
176,False,"{'a': 0.001, 'e': 0.838617983337074}",20,1,-77.68327608795367,"{0: 11, 1: 3, 2: 4, 3: 0, 4: 1}",1
177,False,"{'a': 0.001, 'e': 0.8377797845229938}",25,0,-17.93919886932452,"{0: 20, 1: 2, 2: 3, 3: 0, 4: 0}",0
178,False,"{'a': 0.001, 'e': 0.8369424234887681}",30,0,-158.34330125628404,"{0: 20, 1: 2, 2: 5, 3: 0, 4: 3}",0
179,False,"{'a': 0.001, 'e': 0.8361058993970355}",25,0,-206.20910775894052,"{0: 14, 1: 3, 2: 3, 3: 1, 4: 4}",0
180,False,"{'a': 0.001, 'e': 0.835270211411272}",25,0,-140.24162083249843,"{0: 15, 1: 2, 2: 6, 3: 0, 4: 2}",0
181,False,"{'a': 0.001, 'e': 0.8344353586957896}",20,7,-90.56747937240863,"{0: 8, 1: 0, 2: 3, 3: 0, 4: 2}",1
182,False,"{'a': 0.001, 'e': 0.8336013404157353}",25,0,-26.20804199514303,"{0: 20, 1: 0, 2: 5, 3: 0, 4: 0}",0
183,False,"{'a': 0.001, 'e': 0.832768155737091}",20,0,-89.76465540165374,"{0: 13, 1: 1, 2: 4, 3: 1, 4: 1}",0
184,False,"{'a': 0.001, 'e': 0.8319358038266718}",20,0,-72.88595836803684,"{0: 13, 1: 0, 2: 5, 3: 2, 4: 0}",0
185,False,"{'a': 0.001, 'e': 0.8311042838521256}",20,0,-58.68978980824648,"{0: 15, 1: 1, 2: 3, 3: 0, 4: 1}",0
186,False,"{'a': 0.001, 'e': 0.8302735949819326}",25,8,-103.518389269282,"{0: 11, 1: 0, 2: 4, 3: 0, 4: 2}",1
187,False,"{'a': 0.001, 'e': 0.8294437363854039}",20,0,-80.3019863916443,"{0: 13, 1: 3, 2: 2, 3: 1, 4: 1}",0
188,False,"{'a': 0.001, 'e': 0.8286147072326806}",25,7,-65.50991793518298,"{0: 12, 1: 1, 2: 3, 3: 2, 4: 0}",1
189,False,"{'a': 0.001, 'e': 0.8277865066947336}",30,0,-166.63807302161257,"{0: 15, 1: 6, 2: 6, 3: 1, 4: 2}",0
190,False,"{'a': 0.001, 'e': 0.8269591339433623}",20,0,-118.06706968968933,"{0: 13, 1: 1, 2: 3, 3: 1, 4: 2}",0
191,False,"{'a': 0.001, 'e': 0.8261325881511938}",25,0,-115.69134199513883,"{0: 15, 1: 3, 2: 5, 3: 1, 4: 1}",0
192,False,"{'a': 0.001, 'e': 0.8253068684916823}",25,0,3.6031072606978585,"{0: 22, 1: 2, 2: 1, 3: 0, 4: 0}",0
193,False,"{'a': 0.001, 'e': 0.8244819741391082}",25,0,-90.22369980422708,"{0: 16, 1: 3, 2: 4, 3: 1, 4: 1}",0
194,False,"{'a': 0.001, 'e': 0.8236579042685769}",30,9,-139.11850683225956,"{0: 12, 1: 3, 2: 2, 3: 2, 4: 2}",1
195,False,"{'a': 0.001, 'e': 0.8228346580560184}",25,0,-58.8183442541208,"{0: 19, 1: 1, 2: 4, 3: 0, 4: 1}",0
196,False,"{'a': 0.001, 'e': 0.8220122346781865}",25,0,-56.43529315615684,"{0: 18, 1: 4, 2: 2, 3: 0, 4: 1}",0
197,False,"{'a': 0.001, 'e': 0.821190633312658}",30,0,-213.0349478270945,"{0: 16, 1: 5, 2: 4, 3: 2, 4: 3}",0
198,False,"{'a': 0.001, 'e': 0.8203698531378311}",25,9,-77.83882558486565,"{0: 11, 1: 1, 2: 1, 3: 2, 4: 1}",1
199,False,"{'a': 0.001, 'e': 0.8195498933329256}",25,0,-136.89799786723526,"{0: 14, 1: 4, 2: 5, 3: 0, 4: 2}",0
200,False,"{'a': 0.001, 'e': 0.8187307530779818}",25,0,-34.00574846020148,"{0: 19, 1: 2, 2: 3, 3: 1, 4: 0}",0
201,False,"{'a': 0.001, 'e': 0.8179124315538594}",30,2,-82.06746313029494,"{0: 20, 1: 2, 2: 4, 3: 1, 4: 1}",1
202,False,"{'a': 0.001, 'e': 0.8170949279422366}",20,12,-30.256427099492058,"{0: 7, 1: 0, 2: 0, 3: 0, 4: 1}",1
203,False,"{'a': 0.001, 'e': 0.8162782414256099}",25,2,-93.27316142880807,"{0: 14, 1: 1, 2: 7, 3: 0, 4: 1}",1
204,False,"{'a': 0.001, 'e': 0.8154623711872927}",25,0,-40.748397295443716,"{0: 18, 1: 3, 2: 4, 3: 0, 4: 0}",0
205,False,"{'a': 0.001, 'e': 0.8146473164114145}",25,7,-69.95235285090399,"{0: 13, 1: 0, 2: 3, 3: 1, 4: 1}",1
206,False,"{'a': 0.001, 'e': 0.8138330762829207}",25,0,-114.10756402031913,"{0: 14, 1: 3, 2: 6, 3: 1, 4: 1}",0
207,False,"{'a': 0.001, 'e': 0.813019649987571}",20,5,-26.735364919979276,"{0: 12, 1: 2, 2: 0, 3: 0, 4: 1}",1
208,False,"{'a': 0.001, 'e': 0.812207036711939}",30,0,-59.27377650447013,"{0: 21, 1: 4, 2: 4, 3: 1, 4: 0}",0
209,False,"{'a': 0.001, 'e': 0.8113952356434114}",25,7,-90.00982146758327,"{0: 10, 1: 1, 2: 6, 3: 0, 4: 1}",1
210,False,"{'a': 0.001, 'e': 0.8105842459701871}",25,18,12.251899776398925,"{0: 7, 1: 0, 2: 0, 3: 0, 4: 0}",1
211,False,"{'a': 0.001, 'e': 0.8097740668812763}",20,8,-12.81339721408234,"{0: 9, 1: 1, 2: 2, 3: 0, 4: 0}",1
212,False,"{'a': 0.001, 'e': 0.8089646975664998}",25,0,-27.66075264211862,"{0: 20, 1: 1, 2: 3, 3: 1, 4: 0}",0
213,False,"{'a': 0.001, 'e': 0.8081561372164884}",20,0,-76.78885888447591,"{0: 11, 1: 3, 2: 4, 3: 2, 4: 0}",0
214,False,"{'a': 0.001, 'e': 0.8073483850226815}",35,0,-317.2389116185818,"{0: 16, 1: 2, 2: 10, 3: 3, 4: 4}",0
215,False,"{'a': 0.001, 'e': 0.8065414401773269}",20,5,-71.10572779255426,"{0: 7, 1: 2, 2: 5, 3: 1, 4: 0}",1
216,False,"{'a': 0.001, 'e': 0.8057353018734796}",20,0,-77.81340738541688,"{0: 12, 1: 4, 2: 3, 3: 0, 4: 1}",0
217,False,"{'a': 0.001, 'e': 0.8049299693050015}",25,5,-117.53446393566418,"{0: 13, 1: 2, 2: 2, 3: 1, 4: 2}",1
218,False,"{'a': 0.001, 'e': 0.8041254416665596}",20,0,-60.61088528928259,"{0: 12, 1: 1, 2: 7, 3: 0, 4: 0}",0
219,False,"{'a': 0.001, 'e': 0.8033217181536265}",20,2,-4.854857649084186,"{0: 16, 1: 1, 2: 0, 3: 1, 4: 0}",1
220,False,"{'a': 0.001, 'e': 0.8025187979624785}",25,18,-5.891053431998031,"{0: 5, 1: 1, 2: 1, 3: 0, 4: 0}",1
221,False,"{'a': 0.001, 'e': 0.8017166802901953}",25,0,-139.0218765729374,"{0: 16, 1: 0, 2: 6, 3: 1, 4: 2}",0
222,False,"{'a': 0.001, 'e': 0.8009153643346592}",20,0,-93.01319956098754,"{0: 12, 1: 3, 2: 3, 3: 1, 4: 1}",0
223,False,"{'a': 0.001, 'e': 0.8001148492945541}",20,13,2.61329242815505,"{0: 6, 1: 1, 2: 0, 3: 0, 4: 0}",1
224,False,"{'a': 0.001, 'e': 0.7993151343693651}",20,0,-53.59259162424695,"{0: 14, 1: 2, 2: 2, 3: 2, 4: 0}",0
225,False,"{'a': 0.001, 'e': 0.7985162187593771}",20,0,-35.75256989641918,"{0: 14, 1: 1, 2: 5, 3: 0, 4: 0}",0
226,False,"{'a': 0.001, 'e': 0.7977181016656743}",25,0,-157.47949795503186,"{0: 15, 1: 2, 2: 5, 3: 0, 4: 3}",0
227,False,"{'a': 0.001, 'e': 0.7969207822901396}",20,6,-0.7799211237086645,"{0: 11, 1: 2, 2: 1, 3: 0, 4: 0}",1
228,False,"{'a': 0.001, 'e': 0.7961242598354538}",30,0,-54.409420160951484,"{0: 22, 1: 2, 2: 5, 3: 1, 4: 0}",0
229,False,"{'a': 0.001, 'e': 0.7953285335050939}",25,8,-30.52983206776725,"{0: 12, 1: 0, 2: 5, 3: 0, 4: 0}",1
230,False,"{'a': 0.001, 'e': 0.794533602503334}",20,0,-102.16869042975992,"{0: 12, 1: 2, 2: 4, 3: 1, 4: 1}",0
231,False,"{'a': 0.001, 'e': 0.7937394660352427}",20,16,8.029099287979719,"{0: 4, 1: 0, 2: 0, 3: 0, 4: 0}",1
232,False,"{'a': 0.001, 'e': 0.7929461233066837}",20,0,-118.00923343425731,"{0: 13, 1: 0, 2: 4, 3: 1, 4: 2}",0
233,False,"{'a': 0.001, 'e': 0.792153573524314}",20,0,-35.56534807033979,"{0: 15, 1: 3, 2: 0, 3: 2, 4: 0}",0
234,False,"{'a': 0.001, 'e': 0.7913618158955839}",30,0,-177.03469897032988,"{0: 19, 1: 1, 2: 6, 3: 1, 4: 3}",0
235,False,"{'a': 0.001, 'e': 0.7905708496287356}",25,0,-51.37577559633811,"{0: 17, 1: 3, 2: 4, 3: 1, 4: 0}",0
236,False,"{'a': 0.001, 'e': 0.7897806739328027}",20,0,-79.89310133542577,"{0: 15, 1: 2, 2: 1, 3: 0, 4: 2}",0
237,False,"{'a': 0.001, 'e': 0.7889912880176096}",25,0,-59.24065920734646,"{0: 20, 1: 2, 2: 1, 3: 1, 4: 1}",0
238,False,"{'a': 0.001, 'e': 0.7882026910937704}",20,6,-36.72013695254793,"{0: 8, 1: 2, 2: 4, 3: 0, 4: 0}",1
239,False,"{'a': 0.001, 'e': 0.7874148823726879}",25,0,-24.376322624997307,"{0: 20, 1: 2, 2: 2, 3: 1, 4: 0}",0
240,False,"{'a': 0.001, 'e': 0.7866278610665535}",20,12,-8.42018767492948,"{0: 7, 1: 0, 2: 0, 3: 1, 4: 0}",1
241,False,"{'a': 0.001, 'e': 0.7858416263883455}",20,14,-2.2502848313570434,"{0: 4, 1: 2, 2: 0, 3: 0, 4: 0}",1
242,False,"{'a': 0.001, 'e': 0.7850561775518295}",20,0,-69.74415241392435,"{0: 13, 1: 0, 2: 5, 3: 2, 4: 0}",0
243,False,"{'a': 0.001, 'e': 0.7842715137715565}",25,0,-21.313053346564153,"{0: 21, 1: 1, 2: 2, 3: 1, 4: 0}",0
244,False,"{'a': 0.001, 'e': 0.7834876342628625}",20,0,-56.7258797285015,"{0: 14, 1: 3, 2: 2, 3: 0, 4: 1}",0
245,False,"{'a': 0.001, 'e': 0.7827045382418681}",20,0,-214.5779266576497,"{0: 8, 1: 4, 2: 3, 3: 1, 4: 4}",0
246,False,"{'a': 0.001, 'e': 0.7819222249254772}",20,3,-175.30687992083992,"{0: 6, 1: 1, 2: 6, 3: 2, 4: 2}",1
247,False,"{'a': 0.001, 'e': 0.7811406935313765}",20,0,-22.95963005992983,"{0: 15, 1: 1, 2: 4, 3: 0, 4: 0}",0
248,False,"{'a': 0.001, 'e': 0.7803599432780343}",25,13,-13.239400171787965,"{0: 9, 1: 0, 2: 3, 3: 0, 4: 0}",1
249,False,"{'a': 0.001, 'e': 0.7795799733847004}",20,0,-224.6544780972516,"{0: 12, 1: 0, 2: 2, 3: 1, 4: 5}",0
250,False,"{'a': 0.001, 'e': 0.7788007830714049}",25,11,-36.31405810588649,"{0: 11, 1: 0, 2: 1, 3: 2, 4: 0}",1
251,False,"{'a': 0.001, 'e': 0.7780223715589573}",20,0,-79.68052209012697,"{0: 14, 1: 1, 2: 3, 3: 1, 4: 1}",0
252,False,"{'a': 0.001, 'e': 0.7772447380689461}",20,0,-49.850835270101015,"{0: 13, 1: 3, 2: 3, 3: 1, 4: 0}",0
253,False,"{'a': 0.001, 'e': 0.7764678818237378}",20,0,-42.44500507878929,"{0: 14, 1: 0, 2: 6, 3: 0, 4: 0}",0
254,False,"{'a': 0.001, 'e': 0.775691802046476}",30,14,-19.608266257903757,"{0: 11, 1: 2, 2: 3, 3: 0, 4: 0}",1
255,False,"{'a': 0.001, 'e': 0.774916497961081}",25,0,-159.0913311243428,"{0: 14, 1: 4, 2: 4, 3: 0, 4: 3}",0
256,False,"{'a': 0.001, 'e': 0.7741419687922484}",20,3,-93.06394724643299,"{0: 10, 1: 1, 2: 4, 3: 1, 4: 1}",1
257,False,"{'a': 0.001, 'e': 0.7733682137654491}",20,0,-19.796432087047865,"{0: 14, 1: 3, 2: 3, 3: 0, 4: 0}",0
258,False,"{'a': 0.001, 'e': 0.772595232106928}",20,0,-25.57646619167268,"{0: 16, 1: 1, 2: 2, 3: 1, 4: 0}",0
259,False,"{'a': 0.001, 'e': 0.7718230230437034}",25,0,-108.82617412048948,"{0: 17, 1: 2, 2: 4, 3: 0, 4: 2}",0
260,False,"{'a': 0.001, 'e': 0.7710515858035663}",20,0,-170.872519123494,"{0: 11, 1: 1, 2: 4, 3: 1, 4: 3}",0
261,False,"{'a': 0.001, 'e': 0.7702809196150792}",25,0,-33.616766058187,"{0: 20, 1: 0, 2: 4, 3: 1, 4: 0}",0
262,False,"{'a': 0.001, 'e': 0.7695110237075758}",20,2,-51.8279675820914,"{0: 12, 1: 0, 2: 5, 3: 1, 4: 0}",1
263,False,"{'a': 0.001, 'e': 0.7687418973111603}",25,0,-256.22263359301746,"{0: 13, 1: 2, 2: 4, 3: 1, 4: 5}",0
264,False,"{'a': 0.001, 'e': 0.7679735396567061}",25,2,-97.95653522738165,"{0: 15, 1: 2, 2: 3, 3: 2, 4: 1}",1
265,False,"{'a': 0.001, 'e': 0.7672059499758557}",20,3,-49.14839581694389,"{0: 12, 1: 2, 2: 2, 3: 0, 4: 1}",1
266,False,"{'a': 0.001, 'e': 0.7664391275010192}",20,0,-188.00922193248093,"{0: 8, 1: 1, 2: 7, 3: 2, 4: 2}",0
267,False,"{'a': 0.001, 'e': 0.7656730714653739}",20,0,-122.91043901180896,"{0: 12, 1: 4, 2: 1, 3: 1, 4: 2}",0
268,False,"{'a': 0.001, 'e': 0.764907781102864}",30,16,-65.35568021049174,"{0: 9, 1: 0, 2: 4, 3: 0, 4: 1}",1
269,False,"{'a': 0.001, 'e': 0.764143255648199}",30,0,-108.47380052435219,"{0: 18, 1: 3, 2: 8, 3: 0, 4: 1}",0
270,False,"{'a': 0.001, 'e': 0.7633794943368531}",20,0,-74.2081729028447,"{0: 12, 1: 0, 2: 7, 3: 1, 4: 0}",0
271,False,"{'a': 0.001, 'e': 0.7626164964050653}",20,0,-26.819782054389474,"{0: 15, 1: 2, 2: 2, 3: 1, 4: 0}",0
272,False,"{'a': 0.001, 'e': 0.7618542610898376}",25,0,-90.23786946340168,"{0: 19, 1: 0, 2: 3, 3: 2, 4: 1}",0
273,False,"{'a': 0.001, 'e': 0.7610927876289343}",25,0,-69.0514484036284,"{0: 17, 1: 4, 2: 3, 3: 0, 4: 1}",0
274,False,"{'a': 0.001, 'e': 0.7603320752608821}",20,0,-22.763817084483282,"{0: 16, 1: 2, 2: 1, 3: 1, 4: 0}",0
275,False,"{'a': 0.001, 'e': 0.7595721232249685}",20,2,-40.222103170381125,"{0: 14, 1: 0, 2: 2, 3: 2, 4: 0}",1
276,False,"{'a': 0.001, 'e': 0.7588129307612413}",20,0,-90.70552521899991,"{0: 12, 1: 1, 2: 6, 3: 0, 4: 1}",0
277,False,"{'a': 0.001, 'e': 0.7580544971105083}",30,0,-101.9798790934752,"{0: 22, 1: 2, 2: 4, 3: 0, 4: 2}",0
278,False,"{'a': 0.001, 'e': 0.7572968215143355}",30,0,-116.94123968555704,"{0: 20, 1: 4, 2: 4, 3: 0, 4: 2}",0
279,False,"{'a': 0.001, 'e': 0.7565399032150474}",25,11,-40.300220030074925,"{0: 11, 1: 1, 2: 1, 3: 0, 4: 1}",1
280,False,"{'a': 0.001, 'e': 0.7557837414557255}",30,10,-50.14819414712571,"{0: 13, 1: 3, 2: 2, 3: 2, 4: 0}",1
281,False,"{'a': 0.001, 'e': 0.755028335480208}",20,0,-79.64970319950781,"{0: 13, 1: 1, 2: 5, 3: 0, 4: 1}",0
282,False,"{'a': 0.001, 'e': 0.754273684533089}",30,1,-160.79478756688718,"{0: 17, 1: 3, 2: 5, 3: 2, 4: 2}",1
283,False,"{'a': 0.001, 'e': 0.7535197878597172}",25,0,-142.9498640035212,"{0: 14, 1: 4, 2: 2, 3: 4, 4: 1}",0
284,False,"{'a': 0.001, 'e': 0.7527666447061963}",20,13,-1.5687134230281723,"{0: 5, 1: 2, 2: 0, 3: 0, 4: 0}",1
285,False,"{'a': 0.001, 'e': 0.7520142543193826}",20,0,-92.11369111567305,"{0: 15, 1: 0, 2: 3, 3: 0, 4: 2}",0
286,False,"{'a': 0.001, 'e': 0.751262615946886}",25,13,-16.51773991628518,"{0: 10, 1: 0, 2: 1, 3: 1, 4: 0}",1
287,False,"{'a': 0.001, 'e': 0.750511728837068}",20,0,-182.20636310038873,"{0: 9, 1: 2, 2: 6, 3: 0, 4: 3}",0
288,False,"{'a': 0.001, 'e': 0.7497615922390413}",20,9,-45.37892169565129,"{0: 9, 1: 0, 2: 0, 3: 1, 4: 1}",1
289,False,"{'a': 0.001, 'e': 0.7490122054026693}",30,0,-20.031932261169764,"{0: 25, 1: 3, 2: 1, 3: 1, 4: 0}",0
290,False,"{'a': 0.001, 'e': 0.7482635675785653}",20,0,-37.40705801583052,"{0: 14, 1: 0, 2: 6, 3: 0, 4: 0}",0
291,False,"{'a': 0.001, 'e': 0.747515678018091}",30,20,-11.754770891699657,"{0: 7, 1: 1, 2: 2, 3: 0, 4: 0}",1
292,False,"{'a': 0.001, 'e': 0.7467685359733571}",20,11,-37.98545146883504,"{0: 7, 1: 0, 2: 1, 3: 0, 4: 1}",1
293,False,"{'a': 0.001, 'e': 0.7460221406972215}",30,4,-158.16463747728147,"{0: 13, 1: 3, 2: 6, 3: 3, 4: 1}",1
294,False,"{'a': 0.001, 'e': 0.7452764914432887}",20,0,-95.81851820258161,"{0: 13, 1: 0, 2: 5, 3: 1, 4: 1}",0
295,False,"{'a': 0.001, 'e': 0.7445315874659094}",20,15,-4.3862092439703195,"{0: 4, 1: 0, 2: 1, 3: 0, 4: 0}",1
296,False,"{'a': 0.001, 'e': 0.7437874280201796}",30,0,-66.70480036803991,"{0: 24, 1: 1, 2: 3, 3: 1, 4: 1}",0
297,False,"{'a': 0.001, 'e': 0.7430440123619398}",20,0,-89.66274625691331,"{0: 12, 1: 1, 2: 6, 3: 0, 4: 1}",0
298,False,"{'a': 0.001, 'e': 0.7423013397477743}",25,7,-21.215843979129666,"{0: 14, 1: 0, 2: 4, 3: 0, 4: 0}",1
299,False,"{'a': 0.001, 'e': 0.7415594094350105}",20,0,-30.249549033163902,"{0: 14, 1: 3, 2: 3, 3: 0, 4: 0}",0
300,False,"{'a': 0.001, 'e': 0.7408182206817179}",30,19,-20.50347043756328,"{0: 8, 1: 1, 2: 1, 3: 1, 4: 0}",1
301,False,"{'a': 0.001, 'e': 0.7400777727467076}",25,0,-70.35433170592565,"{0: 18, 1: 4, 2: 1, 3: 1, 4: 1}",0
302,False,"{'a': 0.001, 'e': 0.7393380648895319}",25,1,-42.1715480561892,"{0: 17, 1: 2, 2: 4, 3: 1, 4: 0}",1
303,False,"{'a': 0.001, 'e': 0.7385990963704826}",25,0,-111.0996895664,"{0: 14, 1: 4, 2: 5, 3: 1, 4: 1}",0
304,False,"{'a': 0.001, 'e': 0.7378608664505911}",30,13,-17.354574361249192,"{0: 14, 1: 1, 2: 1, 3: 1, 4: 0}",1
305,False,"{'a': 0.001, 'e': 0.7371233743916278}",20,0,-70.76174759771541,"{0: 14, 1: 2, 2: 2, 3: 1, 4: 1}",0
306,False,"{'a': 0.001, 'e': 0.7363866194561001}",20,6,-41.91059341608828,"{0: 10, 1: 2, 2: 1, 3: 0, 4: 1}",1
307,False,"{'a': 0.001, 'e': 0.7356506009072533}",35,0,-202.01550353064692,"{0: 23, 1: 1, 2: 7, 3: 0, 4: 4}",0
308,False,"{'a': 0.001, 'e': 0.7349153180090687}",20,0,-38.0499108033132,"{0: 14, 1: 1, 2: 5, 3: 0, 4: 0}",0
309,False,"{'a': 0.001, 'e': 0.7341807700262634}",35,7,-67.1010123318208,"{0: 16, 1: 6, 2: 6, 3: 0, 4: 0}",1
310,False,"{'a': 0.001, 'e': 0.7334469562242892}",20,0,-47.068904311169234,"{0: 14, 1: 0, 2: 6, 3: 0, 4: 0}",0
311,False,"{'a': 0.001, 'e': 0.7327138758693325}",20,0,-7.382739401342742,"{0: 17, 1: 1, 2: 2, 3: 0, 4: 0}",0
312,False,"{'a': 0.001, 'e': 0.7319815282283126}",25,3,-46.844906229773414,"{0: 18, 1: 0, 2: 3, 3: 0, 4: 1}",1
313,False,"{'a': 0.001, 'e': 0.731249912568882}",25,18,-0.48066023591264884,"{0: 6, 1: 0, 2: 1, 3: 0, 4: 0}",1
314,False,"{'a': 0.001, 'e': 0.7305190281594249}",20,0,-79.85541260382075,"{0: 12, 1: 3, 2: 4, 3: 0, 4: 1}",0
315,False,"{'a': 0.001, 'e': 0.7297888742690568}",30,0,-92.89727209754808,"{0: 18, 1: 3, 2: 8, 3: 1, 4: 0}",0
316,False,"{'a': 0.001, 'e': 0.7290594501676237}",25,0,-134.6071642864655,"{0: 16, 1: 0, 2: 6, 3: 1, 4: 2}",0
317,False,"{'a': 0.001, 'e': 0.7283307551257017}",25,0,-47.09598238783683,"{0: 17, 1: 3, 2: 4, 3: 1, 4: 0}",0
318,False,"{'a': 0.001, 'e': 0.7276027884145955}",30,8,-43.04602208327182,"{0: 17, 1: 2, 2: 2, 3: 0, 4: 1}",1
319,False,"{'a': 0.001, 'e': 0.7268755493063382}",30,8,-76.30266429194599,"{0: 14, 1: 3, 2: 4, 3: 0, 4: 1}",1
320,False,"{'a': 0.001, 'e': 0.7261490370736909}",25,15,-42.687873784547456,"{0: 7, 1: 1, 2: 1, 3: 0, 4: 1}",1
321,False,"{'a': 0.001, 'e': 0.7254232509901412}",30,12,-13.58687751192568,"{0: 14, 1: 0, 2: 4, 3: 0, 4: 0}",1
322,False,"{'a': 0.001, 'e': 0.7246981903299029}",20,0,-46.710709811505474,"{0: 11, 1: 6, 2: 3, 3: 0, 4: 0}",0
323,False,"{'a': 0.001, 'e': 0.7239738543679153}",25,7,-66.05808321294604,"{0: 13, 1: 0, 2: 4, 3: 0, 4: 1}",1
324,False,"{'a': 0.001, 'e': 0.7232502423798424}",20,0,-70.78385204921432,"{0: 15, 1: 0, 2: 3, 3: 1, 4: 1}",0
325,False,"{'a': 0.001, 'e': 0.7225273536420722}",20,0,-92.22917638542796,"{0: 12, 1: 2, 2: 4, 3: 1, 4: 1}",0
326,False,"{'a': 0.001, 'e': 0.7218051874317158}",20,0,-70.31326451636515,"{0: 13, 1: 1, 2: 4, 3: 2, 4: 0}",0
327,False,"{'a': 0.001, 'e': 0.721083743026607}",20,4,-92.66514531921085,"{0: 11, 1: 0, 2: 3, 3: 0, 4: 2}",1
328,False,"{'a': 0.001, 'e': 0.7203630197053014}",25,13,-60.395880688894096,"{0: 6, 1: 0, 2: 5, 3: 1, 4: 0}",1
329,False,"{'a': 0.001, 'e': 0.7196430167470754}",20,0,-17.99647611535923,"{0: 16, 1: 0, 2: 4, 3: 0, 4: 0}",0
330,False,"{'a': 0.001, 'e': 0.7189237334319262}",20,0,-87.84849580624156,"{0: 12, 1: 1, 2: 6, 3: 0, 4: 1}",0
331,False,"{'a': 0.001, 'e': 0.7182051690405703}",20,0,1.7004131979117363,"{0: 17, 1: 1, 2: 2, 3: 0, 4: 0}",0
332,False,"{'a': 0.001, 'e': 0.7174873228544433}",20,3,-14.753122712479026,"{0: 13, 1: 1, 2: 3, 3: 0, 4: 0}",1
333,False,"{'a': 0.001, 'e': 0.716770194155699}",20,10,-8.699107138628648,"{0: 8, 1: 1, 2: 0, 3: 1, 4: 0}",1
334,False,"{'a': 0.001, 'e': 0.7160537822272085}",20,13,-38.99196469686675,"{0: 5, 1: 0, 2: 1, 3: 0, 4: 1}",1
335,False,"{'a': 0.001, 'e': 0.7153380863525599}",25,6,-76.25475363952573,"{0: 12, 1: 1, 2: 5, 3: 0, 4: 1}",1
336,False,"{'a': 0.001, 'e': 0.7146231058160573}",20,0,-101.31331783699116,"{0: 15, 1: 0, 2: 2, 3: 1, 4: 2}",0
337,False,"{'a': 0.001, 'e': 0.71390883990272}",20,3,-75.24507237511006,"{0: 11, 1: 2, 2: 2, 3: 1, 4: 1}",1
338,False,"{'a': 0.001, 'e': 0.7131952878982822}",20,4,-71.32156812057347,"{0: 11, 1: 1, 2: 2, 3: 1, 4: 1}",1
339,False,"{'a': 0.001, 'e': 0.7124824490891918}",20,0,-104.7043122236025,"{0: 14, 1: 1, 2: 3, 3: 0, 4: 2}",0
340,False,"{'a': 0.001, 'e': 0.7117703227626097}",20,0,-77.17677935468961,"{0: 13, 1: 2, 2: 4, 3: 0, 4: 1}",0
341,False,"{'a': 0.001, 'e': 0.7110589082064097}",20,0,-85.29884266825592,"{0: 12, 1: 4, 2: 2, 3: 1, 4: 1}",0
342,False,"{'a': 0.001, 'e': 0.7103482047091773}",20,0,-66.61067660920028,"{0: 13, 1: 2, 2: 4, 3: 0, 4: 1}",0
343,False,"{'a': 0.001, 'e': 0.7096382115602087}",20,0,-41.793592901146646,"{0: 16, 1: 1, 2: 2, 3: 0, 4: 1}",0
344,False,"{'a': 0.001, 'e': 0.7089289280495107}",20,12,12.900058570046607,"{0: 8, 1: 0, 2: 0, 3: 0, 4: 0}",1
345,False,"{'a': 0.001, 'e': 0.7082203534678}",30,0,-167.88563502381936,"{0: 20, 1: 1, 2: 5, 3: 1, 4: 3}",0
346,False,"{'a': 0.001, 'e': 0.7075124871065017}",30,16,-26.913209517595178,"{0: 10, 1: 1, 2: 2, 3: 1, 4: 0}",1
347,False,"{'a': 0.001, 'e': 0.7068053282577494}",20,0,-48.934551975659616,"{0: 16, 1: 0, 2: 3, 3: 0, 4: 1}",0
348,False,"{'a': 0.001, 'e': 0.7060988762143844}",25,0,-77.1965228787345,"{0: 15, 1: 4, 2: 4, 3: 2, 4: 0}",0
349,False,"{'a': 0.001, 'e': 0.7053931302699543}",30,6,-208.37979287840864,"{0: 14, 1: 1, 2: 4, 3: 1, 4: 4}",1
350,False,"{'a': 0.001, 'e': 0.7046880897187134}",25,0,-67.58041731368176,"{0: 17, 1: 0, 2: 7, 3: 1, 4: 0}",0
351,False,"{'a': 0.001, 'e': 0.7039837538556208}",25,16,-5.003779498797502,"{0: 7, 1: 0, 2: 2, 3: 0, 4: 0}",1
352,False,"{'a': 0.001, 'e': 0.7032801219763409}",25,3,-131.55561984031493,"{0: 14, 1: 0, 2: 3, 3: 4, 4: 1}",1
353,False,"{'a': 0.001, 'e': 0.7025771933772416}",20,0,-161.60006142963675,"{0: 10, 1: 3, 2: 4, 3: 0, 4: 3}",0
354,False,"{'a': 0.001, 'e': 0.701874967355394}",25,0,-90.9514741592183,"{0: 18, 1: 1, 2: 3, 3: 2, 4: 1}",1
355,False,"{'a': 0.001, 'e': 0.7011734432085724}",20,5,-28.748408893870568,"{0: 10, 1: 2, 2: 3, 3: 0, 4: 0}",1
356,False,"{'a': 0.001, 'e': 0.7004726202352524}",20,13,0.7083493886023811,"{0: 6, 1: 0, 2: 1, 3: 0, 4: 0}",1
357,False,"{'a': 0.001, 'e': 0.699772497734611}",20,0,-109.1388950719595,"{0: 13, 1: 0, 2: 3, 3: 3, 4: 1}",0
358,False,"{'a': 0.001, 'e': 0.6990730750065257}",20,11,-10.721544885032099,"{0: 7, 1: 1, 2: 0, 3: 1, 4: 0}",1
359,False,"{'a': 0.001, 'e': 0.6983743513515736}",25,15,3.5096727588451677,"{0: 9, 1: 0, 2: 1, 3: 0, 4: 0}",1
360,False,"{'a': 0.001, 'e': 0.697676326071031}",20,0,-32.14516959823473,"{0: 13, 1: 4, 2: 3, 3: 0, 4: 0}",0
361,False,"{'a': 0.001, 'e': 0.6969789984668727}",25,0,-120.25841892052732,"{0: 14, 1: 2, 2: 7, 3: 1, 4: 1}",0
362,False,"{'a': 0.001, 'e': 0.696282367841771}",25,0,-97.88390027389401,"{0: 16, 1: 2, 2: 3, 3: 4, 4: 0}",0
363,False,"{'a': 0.001, 'e': 0.6955864334990951}",25,0,-95.79960207283936,"{0: 19, 1: 1, 2: 1, 3: 3, 4: 1}",0
364,False,"{'a': 0.001, 'e': 0.6948911947429106}",20,0,-1.363679234371439,"{0: 17, 1: 1, 2: 2, 3: 0, 4: 0}",0
365,False,"{'a': 0.001, 'e': 0.6941966508779789}",25,0,-59.30816269609763,"{0: 17, 1: 4, 2: 2, 3: 2, 4: 0}",0
366,False,"{'a': 0.001, 'e': 0.6935028012097558}",30,8,-7.127898454055003,"{0: 18, 1: 1, 2: 3, 3: 0, 4: 0}",1
367,False,"{'a': 0.001, 'e': 0.6928096450443917}",20,13,-9.82651358762982,"{0: 5, 1: 0, 2: 2, 3: 0, 4: 0}",1
368,False,"{'a': 0.001, 'e': 0.6921171816887304}",30,10,-192.71421156627574,"{0: 10, 1: 2, 2: 4, 3: 0, 4: 4}",1
369,False,"{'a': 0.001, 'e': 0.6914254104503085}",20,12,-17.031051087076225,"{0: 5, 1: 1, 2: 2, 3: 0, 4: 0}",1
370,False,"{'a': 0.001, 'e': 0.6907343306373547}",20,0,-31.19010798319477,"{0: 15, 1: 1, 2: 4, 3: 0, 4: 0}",0
371,False,"{'a': 0.001, 'e': 0.690043941558789}",25,3,-68.00579976222656,"{0: 14, 1: 1, 2: 6, 3: 1, 4: 0}",1
372,False,"{'a': 0.001, 'e': 0.6893542425242224}",30,7,-115.18852774226676,"{0: 12, 1: 2, 2: 8, 3: 0, 4: 1}",1
373,False,"{'a': 0.001, 'e': 0.6886652328439558}",25,0,-163.20385793688178,"{0: 15, 1: 4, 2: 2, 3: 1, 4: 3}",0
374,False,"{'a': 0.001, 'e': 0.6879769118289795}",20,0,-12.815487994929368,"{0: 16, 1: 1, 2: 3, 3: 0, 4: 0}",0
375,False,"{'a': 0.001, 'e': 0.6872892787909722}",30,21,-35.07268521420311,"{0: 6, 1: 2, 2: 0, 3: 0, 4: 1}",1
376,False,"{'a': 0.001, 'e': 0.686602333042301}",20,4,-86.16612656097827,"{0: 9, 1: 2, 2: 3, 3: 1, 4: 1}",1
377,False,"{'a': 0.001, 'e': 0.6859160738960202}",25,19,-3.340438029964284,"{0: 5, 1: 0, 2: 1, 3: 0, 4: 0}",1
378,False,"{'a': 0.001, 'e': 0.6852305006658703}",25,1,-43.19107981439446,"{0: 17, 1: 3, 2: 3, 3: 1, 4: 0}",1
379,False,"{'a': 0.001, 'e': 0.6845456126662782}",20,9,4.347295174904114,"{0: 9, 1: 2, 2: 0, 3: 0, 4: 0}",1
380,False,"{'a': 0.001, 'e': 0.6838614092123558}",25,7,-118.0986576790071,"{0: 11, 1: 1, 2: 3, 3: 1, 4: 2}",1
381,False,"{'a': 0.001, 'e': 0.6831778896198997}",20,0,10.18935219640934,"{0: 19, 1: 0, 2: 0, 3: 1, 4: 0}",0
382,False,"{'a': 0.001, 'e': 0.6824950532053901}",20,0,-96.76437151083525,"{0: 15, 1: 1, 2: 1, 3: 1, 4: 2}",0
383,False,"{'a': 0.001, 'e': 0.6818128992859905}",25,0,-46.71808258768827,"{0: 18, 1: 1, 2: 5, 3: 1, 4: 0}",0
384,False,"{'a': 0.001, 'e': 0.6811314271795471}",30,0,-144.2644499696375,"{0: 16, 1: 3, 2: 9, 3: 1, 4: 1}",0
385,False,"{'a': 0.001, 'e': 0.6804506362045877}",25,0,-13.40101577860294,"{0: 21, 1: 0, 2: 4, 3: 0, 4: 0}",0
386,False,"{'a': 0.001, 'e': 0.679770525680321}",20,0,-71.20119361698822,"{0: 13, 1: 3, 2: 3, 3: 0, 4: 1}",0
387,False,"{'a': 0.001, 'e': 0.6790910949266368}",30,15,-60.88828847477301,"{0: 11, 1: 0, 2: 2, 3: 1, 4: 1}",1
388,False,"{'a': 0.001, 'e': 0.678412343264104}",20,0,-32.09638565568281,"{0: 17, 1: 1, 2: 1, 3: 0, 4: 1}",0
389,False,"{'a': 0.001, 'e': 0.6777342700139711}",25,20,9.874650145322732,"{0: 5, 1: 0, 2: 0, 3: 0, 4: 0}",1
390,False,"{'a': 0.001, 'e': 0.6770568744981647}",20,0,-76.04139047959012,"{0: 16, 1: 1, 2: 1, 3: 0, 4: 2}",0
391,False,"{'a': 0.001, 'e': 0.6763801560392891}",20,16,6.967382736681319,"{0: 4, 1: 0, 2: 0, 3: 0, 4: 0}",1
392,False,"{'a': 0.001, 'e': 0.675704113960626}",30,0,-121.70231057479317,"{0: 21, 1: 2, 2: 4, 3: 1, 4: 2}",0
393,False,"{'a': 0.001, 'e': 0.6750287475861332}",25,0,-124.24462716037185,"{0: 16, 1: 4, 2: 2, 3: 1, 4: 2}",0
394,False,"{'a': 0.001, 'e': 0.6743540562404442}",20,0,-33.71926573386703,"{0: 17, 1: 0, 2: 2, 3: 0, 4: 1}",0
395,False,"{'a': 0.001, 'e': 0.6736800392488677}",30,0,-128.6334047228604,"{0: 17, 1: 8, 2: 3, 3: 0, 4: 2}",0
396,False,"{'a': 0.001, 'e': 0.6730066959373864}",20,3,-81.4732463189214,"{0: 13, 1: 0, 2: 2, 3: 0, 4: 2}",1
397,False,"{'a': 0.001, 'e': 0.6723340256326572}",20,0,-73.22551446978709,"{0: 13, 1: 3, 2: 3, 3: 0, 4: 1}",0
398,False,"{'a': 0.001, 'e': 0.6716620276620098}",25,3,-49.11154285617797,"{0: 17, 1: 1, 2: 3, 3: 0, 4: 1}",1
399,False,"{'a': 0.001, 'e': 0.6709907013534459}",20,4,-97.04784902242339,"{0: 11, 1: 1, 2: 1, 3: 1, 4: 2}",1
400,False,"{'a': 0.001, 'e': 0.6703200460356393}",25,4,-0.018594686189005616,"{0: 19, 1: 0, 2: 1, 3: 1, 4: 0}",1
401,False,"{'a': 0.001, 'e': 0.6696500610379346}",20,8,-22.39449048670769,"{0: 9, 1: 0, 2: 2, 3: 1, 4: 0}",1
402,False,"{'a': 0.001, 'e': 0.6689807456903467}",20,12,8.964581618318679,"{0: 7, 1: 1, 2: 0, 3: 0, 4: 0}",1
403,False,"{'a': 0.001, 'e': 0.6683120993235603}",30,0,-64.81432087916627,"{0: 22, 1: 3, 2: 4, 3: 0, 4: 1}",0
404,False,"{'a': 0.001, 'e': 0.6676441212689289}",20,6,0.39060979368266047,"{0: 12, 1: 0, 2: 2, 3: 0, 4: 0}",1
405,False,"{'a': 0.001, 'e': 0.6669768108584744}",25,11,-30.806247069535022,"{0: 9, 1: 1, 2: 4, 3: 0, 4: 0}",1
406,False,"{'a': 0.001, 'e': 0.6663101674248864}",25,12,1.3583828884387357,"{0: 11, 1: 1, 2: 1, 3: 0, 4: 0}",1
407,False,"{'a': 0.001, 'e': 0.6656441903015212}",25,15,-39.018380983199464,"{0: 7, 1: 1, 2: 1, 3: 0, 4: 1}",1
408,False,"{'a': 0.001, 'e': 0.6649788788224019}",30,4,-23.921471897091365,"{0: 21, 1: 2, 2: 2, 3: 1, 4: 0}",1
409,False,"{'a': 0.001, 'e': 0.6643142323222168}",30,0,-61.40931735553761,"{0: 20, 1: 2, 2: 8, 3: 0, 4: 0}",0
410,False,"{'a': 0.001, 'e': 0.6636502501363194}",25,14,15.61679036092854,"{0: 10, 1: 1, 2: 0, 3: 0, 4: 0}",1
411,False,"{'a': 0.001, 'e': 0.6629869316007274}",30,9,-21.390353158143554,"{0: 16, 1: 2, 2: 2, 3: 1, 4: 0}",1
412,False,"{'a': 0.001, 'e': 0.6623242760521222}",20,0,-80.62577062363825,"{0: 14, 1: 0, 2: 4, 3: 1, 4: 1}",0
413,False,"{'a': 0.001, 'e': 0.6616622828278483}",30,18,7.284595726873087,"{0: 10, 1: 2, 2: 0, 3: 0, 4: 0}",1
414,False,"{'a': 0.001, 'e': 0.6610009512659124}",20,14,10.950889833362595,"{0: 6, 1: 0, 2: 0, 3: 0, 4: 0}",1
415,False,"{'a': 0.001, 'e': 0.6603402807049829}",30,0,-151.12009676928128,"{0: 20, 1: 0, 2: 7, 3: 1, 4: 2}",0
416,False,"{'a': 0.001, 'e': 0.659680270484389}",20,4,-121.03110709728782,"{0: 11, 1: 1, 2: 1, 3: 0, 4: 3}",1
417,False,"{'a': 0.001, 'e': 0.6590209199441207}",25,9,30.351782110836222,"{0: 16, 1: 0, 2: 0, 3: 0, 4: 0}",1
418,False,"{'a': 0.001, 'e': 0.6583622284248272}",25,0,-112.9579760657454,"{0: 16, 1: 3, 2: 4, 3: 0, 4: 2}",0
419,False,"{'a': 0.001, 'e': 0.657704195267817}",20,0,-94.98436427030404,"{0: 11, 1: 2, 2: 6, 3: 0, 4: 1}",0
420,False,"{'a': 0.001, 'e': 0.6570468198150567}",25,0,7.528897488469662,"{0: 22, 1: 2, 2: 1, 3: 0, 4: 0}",1
421,False,"{'a': 0.001, 'e': 0.6563901014091712}",25,0,-175.00468401146782,"{0: 13, 1: 5, 2: 3, 3: 1, 4: 3}",0
422,False,"{'a': 0.001, 'e': 0.6557340393934418}",25,17,-7.871778280586517,"{0: 5, 1: 2, 2: 1, 3: 0, 4: 0}",1
423,False,"{'a': 0.001, 'e': 0.6550786331118063}",30,0,-84.03529436761781,"{0: 23, 1: 2, 2: 3, 3: 0, 4: 2}",1
424,False,"{'a': 0.001, 'e': 0.6544238819088586}",20,0,-92.92223649090617,"{0: 11, 1: 3, 2: 5, 3: 0, 4: 1}",0
425,False,"{'a': 0.001, 'e': 0.6537697851298473}",20,0,-109.8002008843112,"{0: 11, 1: 1, 2: 6, 3: 1, 4: 1}",0
426,False,"{'a': 0.001, 'e': 0.6531163421206756}",35,0,-141.2226002791014,"{0: 21, 1: 4, 2: 7, 3: 2, 4: 1}",0
427,False,"{'a': 0.001, 'e': 0.6524635522279004}",20,0,-1.3321098697323839,"{0: 18, 1: 0, 2: 2, 3: 0, 4: 0}",0
428,False,"{'a': 0.001, 'e': 0.651811414798732}",25,6,-29.789421750521605,"{0: 13, 1: 2, 2: 4, 3: 0, 4: 0}",1
429,False,"{'a': 0.001, 'e': 0.6511599291810325}",20,0,-34.03780566804023,"{0: 14, 1: 1, 2: 5, 3: 0, 4: 0}",0
430,False,"{'a': 0.001, 'e': 0.6505090947233165}",25,0,-114.8018688776295,"{0: 16, 1: 2, 2: 5, 3: 0, 4: 2}",0
431,False,"{'a': 0.001, 'e': 0.6498589107747496}",20,3,-23.770467587160876,"{0: 12, 1: 1, 2: 4, 3: 0, 4: 0}",1
432,False,"{'a': 0.001, 'e': 0.6492093766851474}",30,17,-52.074853948444186,"{0: 9, 1: 1, 2: 2, 3: 0, 4: 1}",1
433,False,"{'a': 0.001, 'e': 0.6485604918049761}",25,0,-64.8992825575398,"{0: 19, 1: 0, 2: 5, 3: 0, 4: 1}",0
434,False,"{'a': 0.001, 'e': 0.6479122554853506}",35,13,21.98460325256589,"{0: 20, 1: 1, 2: 1, 3: 0, 4: 0}",1
435,False,"{'a': 0.001, 'e': 0.6472646670780347}",20,0,-96.2345686636876,"{0: 12, 1: 4, 2: 1, 3: 2, 4: 1}",0
436,False,"{'a': 0.001, 'e': 0.6466177259354396}",30,19,-0.7038042560819733,"{0: 9, 1: 0, 2: 2, 3: 0, 4: 0}",1
437,False,"{'a': 0.001, 'e': 0.6459714314106245}",25,14,-17.695376116974526,"{0: 7, 1: 2, 2: 2, 3: 0, 4: 0}",1
438,False,"{'a': 0.001, 'e': 0.6453257828572946}",20,0,-34.096145118377194,"{0: 14, 1: 2, 2: 4, 3: 0, 4: 0}",1
439,False,"{'a': 0.001, 'e': 0.6446807796298013}",25,3,-88.20859619157912,"{0: 12, 1: 3, 2: 5, 3: 2, 4: 0}",1
440,False,"{'a': 0.001, 'e': 0.6440364210831414}",20,0,-51.563246548156656,"{0: 14, 1: 3, 2: 2, 3: 0, 4: 1}",0
441,False,"{'a': 0.001, 'e': 0.6433927065729562}",25,9,-17.745606821174793,"{0: 11, 1: 3, 2: 2, 3: 0, 4: 0}",1
442,False,"{'a': 0.001, 'e': 0.6427496354555312}",20,15,-14.337423970875957,"{0: 4, 1: 0, 2: 0, 3: 1, 4: 0}",1
443,False,"{'a': 0.001, 'e': 0.6421072070877952}",30,0,-195.73917167945746,"{0: 20, 1: 2, 2: 3, 3: 1, 4: 4}",1
444,False,"{'a': 0.001, 'e': 0.6414654208273198}",20,0,-64.49587362412278,"{0: 14, 1: 1, 2: 4, 3: 0, 4: 1}",0
445,False,"{'a': 0.001, 'e': 0.6408242760323187}",20,4,13.476315151189425,"{0: 15, 1: 0, 2: 1, 3: 0, 4: 0}",1
446,False,"{'a': 0.001, 'e': 0.6401837720616471}",25,17,-7.174033487181162,"{0: 7, 1: 0, 2: 0, 3: 1, 4: 0}",1
447,False,"{'a': 0.001, 'e': 0.6395439082748009}",20,0,-77.7460594609746,"{0: 14, 1: 0, 2: 4, 3: 1, 4: 1}",0
448,False,"{'a': 0.001, 'e': 0.6389046840319162}",30,5,-35.15013744348726,"{0: 21, 1: 0, 2: 2, 3: 2, 4: 0}",1
449,False,"{'a': 0.001, 'e': 0.6382660986937688}",20,12,-27.44769076355821,"{0: 5, 1: 1, 2: 1, 3: 1, 4: 0}",1
450,False,"{'a': 0.001, 'e': 0.6376281516217733}",20,0,-114.6581938773202,"{0: 11, 1: 2, 2: 4, 3: 2, 4: 1}",0
451,False,"{'a': 0.001, 'e': 0.6369908421779825}",25,3,-147.33439299168796,"{0: 13, 1: 2, 2: 4, 3: 0, 4: 3}",1
452,False,"{'a': 0.001, 'e': 0.6363541697250871}",35,0,-90.86569288229305,"{0: 25, 1: 3, 2: 5, 3: 1, 4: 1}",0
453,False,"{'a': 0.001, 'e': 0.6357181336264143}",20,0,-102.18273525132344,"{0: 12, 1: 1, 2: 5, 3: 1, 4: 1}",0
454,False,"{'a': 0.001, 'e': 0.6350827332459281}",25,14,-24.359843570771673,"{0: 8, 1: 0, 2: 2, 3: 1, 4: 0}",1
455,False,"{'a': 0.001, 'e': 0.6344479679482282}",25,15,-100.64355764616904,"{0: 5, 1: 0, 2: 3, 3: 0, 4: 2}",1
456,False,"{'a': 0.001, 'e': 0.633813837098549}",20,9,18.020672085680054,"{0: 11, 1: 0, 2: 0, 3: 0, 4: 0}",1
457,False,"{'a': 0.001, 'e': 0.6331803400627598}",20,0,-9.980028771969103,"{0: 16, 1: 2, 2: 2, 3: 0, 4: 0}",0
458,False,"{'a': 0.001, 'e': 0.6325474762073634}",20,0,-39.124908105893695,"{0: 13, 1: 2, 2: 5, 3: 0, 4: 0}",0
459,False,"{'a': 0.001, 'e': 0.6319152448994959}",20,0,-52.57827799480874,"{0: 12, 1: 5, 2: 2, 3: 1, 4: 0}",0
460,False,"{'a': 0.001, 'e': 0.631283645506926}",25,0,-40.92698175934606,"{0: 18, 1: 2, 2: 5, 3: 0, 4: 0}",0
461,False,"{'a': 0.001, 'e': 0.6306526773980542}",20,12,-9.865992154481464,"{0: 6, 1: 0, 2: 2, 3: 0, 4: 0}",1
462,False,"{'a': 0.001, 'e': 0.6300223399419123}",20,0,-54.37621022241218,"{0: 15, 1: 1, 2: 3, 3: 0, 4: 1}",0
463,False,"{'a': 0.001, 'e': 0.6293926325081629}",25,8,-38.18955869884465,"{0: 14, 1: 0, 2: 2, 3: 0, 4: 1}",1
464,False,"{'a': 0.001, 'e': 0.6287635544670984}",25,10,-48.14678918310084,"{0: 10, 1: 3, 2: 1, 3: 0, 4: 1}",1
465,False,"{'a': 0.001, 'e': 0.6281351051896408}",20,10,-4.9606998390639365,"{0: 8, 1: 0, 2: 2, 3: 0, 4: 0}",1
466,False,"{'a': 0.001, 'e': 0.6275072840473407}",30,20,-20.682858295940104,"{0: 7, 1: 0, 2: 3, 3: 0, 4: 0}",1
467,False,"{'a': 0.001, 'e': 0.626880090412377}",25,0,-5.1752085155907395,"{0: 21, 1: 2, 2: 2, 3: 0, 4: 0}",0
468,False,"{'a': 0.001, 'e': 0.6262535236575559}",30,11,-72.01140619669977,"{0: 15, 1: 1, 2: 1, 3: 0, 4: 2}",1
469,False,"{'a': 0.001, 'e': 0.6256275831563107}",20,0,-23.8779652564957,"{0: 15, 1: 2, 2: 3, 3: 0, 4: 0}",0
470,False,"{'a': 0.001, 'e': 0.6250022682827008}",20,0,-24.633583688803498,"{0: 17, 1: 1, 2: 1, 3: 0, 4: 1}",0
471,False,"{'a': 0.001, 'e': 0.6243775784114112}",20,0,-36.215635293509294,"{0: 14, 1: 2, 2: 3, 3: 1, 4: 0}",0
472,False,"{'a': 0.001, 'e': 0.623753512917752}",20,0,-29.119003801122798,"{0: 15, 1: 0, 2: 5, 3: 0, 4: 0}",0
473,False,"{'a': 0.001, 'e': 0.6231300711776578}",25,14,-3.2986330224939264,"{0: 9, 1: 0, 2: 2, 3: 0, 4: 0}",1
474,False,"{'a': 0.001, 'e': 0.6225072525676867}",25,6,-31.930661943666028,"{0: 14, 1: 0, 2: 4, 3: 1, 4: 0}",1
475,False,"{'a': 0.001, 'e': 0.62188505646502}",25,7,-126.38701382404233,"{0: 11, 1: 1, 2: 2, 3: 2, 4: 2}",1
476,False,"{'a': 0.001, 'e': 0.6212634822474616}",35,12,-60.74127961290148,"{0: 18, 1: 0, 2: 3, 3: 1, 4: 1}",1
477,False,"{'a': 0.001, 'e': 0.6206425292934373}",25,6,-16.59891590924403,"{0: 14, 1: 2, 2: 3, 3: 0, 4: 0}",1
478,False,"{'a': 0.001, 'e': 0.6200221969819939}",25,4,-41.42108604917675,"{0: 14, 1: 2, 2: 5, 3: 0, 4: 0}",1
479,False,"{'a': 0.001, 'e': 0.6194024846927992}",25,11,-44.72996185522737,"{0: 6, 1: 5, 2: 3, 3: 0, 4: 0}",1
480,False,"{'a': 0.001, 'e': 0.6187833918061408}",30,11,-97.89492792429851,"{0: 13, 1: 2, 2: 1, 3: 1, 4: 2}",1
481,False,"{'a': 0.001, 'e': 0.6181649177029258}",30,16,-78.98879658579735,"{0: 10, 1: 1, 2: 1, 3: 0, 4: 2}",1
482,False,"{'a': 0.001, 'e': 0.61754706176468}",20,0,-32.35440815667997,"{0: 17, 1: 1, 2: 1, 3: 0, 4: 1}",0
483,False,"{'a': 0.001, 'e': 0.6169298233735474}",25,9,-27.097499902833416,"{0: 13, 1: 2, 2: 0, 3: 0, 4: 1}",1
484,False,"{'a': 0.001, 'e': 0.6163132019122897}",25,17,0.30549617776290394,"{0: 7, 1: 0, 2: 1, 3: 0, 4: 0}",1
485,False,"{'a': 0.001, 'e': 0.6156971967642851}",20,0,-164.0004784670154,"{0: 11, 1: 3, 2: 2, 3: 1, 4: 3}",0
486,False,"{'a': 0.001, 'e': 0.6150818073135287}",20,1,-40.899931246394864,"{0: 12, 1: 4, 2: 2, 3: 1, 4: 0}",1
487,False,"{'a': 0.001, 'e': 0.6144670329446308}",25,0,-24.671963720679173,"{0: 18, 1: 5, 2: 2, 3: 0, 4: 0}",0
488,False,"{'a': 0.001, 'e': 0.6138528730428171}",30,0,-51.88424975682759,"{0: 26, 1: 0, 2: 2, 3: 1, 4: 1}",0
489,False,"{'a': 0.001, 'e': 0.6132393269939275}",30,3,-77.35496313329045,"{0: 21, 1: 3, 2: 1, 3: 0, 4: 2}",1
490,False,"{'a': 0.001, 'e': 0.6126263941844161}",30,18,11.187770039340007,"{0: 11, 1: 1, 2: 0, 3: 0, 4: 0}",1
491,False,"{'a': 0.001, 'e': 0.6120140740013499}",20,0,-25.709357818906103,"{0: 14, 1: 4, 2: 2, 3: 0, 4: 0}",0
492,False,"{'a': 0.001, 'e': 0.6114023658324087}",20,2,-76.15504980172253,"{0: 12, 1: 0, 2: 5, 3: 0, 4: 1}",1
493,False,"{'a': 0.001, 'e': 0.6107912690658842}",20,13,-10.977402848999965,"{0: 5, 1: 0, 2: 2, 3: 0, 4: 0}",1
494,False,"{'a': 0.001, 'e': 0.6101807830906798}",20,0,-113.46767593976053,"{0: 12, 1: 2, 2: 4, 3: 0, 4: 2}",0
495,False,"{'a': 0.001, 'e': 0.6095709072963093}",20,16,8.696468776678248,"{0: 4, 1: 0, 2: 0, 3: 0, 4: 0}",1
496,False,"{'a': 0.001, 'e': 0.6089616410728969}",20,0,12.310809451725756,"{0: 19, 1: 0, 2: 1, 3: 0, 4: 0}",0
497,False,"{'a': 0.001, 'e': 0.6083529838111763}",20,0,-63.283545961571726,"{0: 13, 1: 0, 2: 6, 3: 1, 4: 0}",0
498,False,"{'a': 0.001, 'e': 0.6077449349024902}",20,0,-47.49626058367264,"{0: 16, 1: 1, 2: 2, 3: 0, 4: 1}",0
499,False,"{'a': 0.001, 'e': 0.6071374937387897}",30,0,-109.7651399151738,"{0: 22, 1: 2, 2: 3, 3: 1, 4: 2}",0
500,False,"{'a': 0.001, 'e': 0.6065306597126334}",25,12,-37.372062711842595,"{0: 10, 1: 1, 2: 1, 3: 0, 4: 1}",1
501,False,"{'a': 0.001, 'e': 0.6059244322171875}",20,0,-17.985455763484556,"{0: 15, 1: 2, 2: 3, 3: 0, 4: 0}",0
502,False,"{'a': 0.001, 'e': 0.6053188106462243}",25,0,-127.00717539213154,"{0: 17, 1: 0, 2: 5, 3: 1, 4: 2}",0
503,False,"{'a': 0.001, 'e': 0.6047137943941221}",20,0,-52.8052935801056,"{0: 15, 1: 2, 2: 2, 3: 0, 4: 1}",0
504,False,"{'a': 0.001, 'e': 0.6041093828558647}",25,0,-40.973775433911726,"{0: 20, 1: 2, 2: 2, 3: 0, 4: 1}",0
505,False,"{'a': 0.001, 'e': 0.6035055754270405}",30,13,-51.61418235960223,"{0: 11, 1: 4, 2: 1, 3: 0, 4: 1}",1
506,False,"{'a': 0.001, 'e': 0.6029023715038421}",20,2,19.69480099448781,"{0: 17, 1: 1, 2: 0, 3: 0, 4: 0}",1
507,False,"{'a': 0.001, 'e': 0.6022997704830654}",25,10,-123.9555149214179,"{0: 7, 1: 1, 2: 5, 3: 0, 4: 2}",1
508,False,"{'a': 0.001, 'e': 0.6016977717621094}",25,0,-60.831263904570164,"{0: 18, 1: 3, 2: 3, 3: 0, 4: 1}",0
509,False,"{'a': 0.001, 'e': 0.6010963747389753}",25,14,-43.33951323070769,"{0: 8, 1: 0, 2: 2, 3: 0, 4: 1}",1
510,False,"{'a': 0.001, 'e': 0.6004955788122659}",25,0,8.83350171204061,"{0: 22, 1: 2, 2: 1, 3: 0, 4: 0}",1
511,False,"{'a': 0.001, 'e': 0.5998953833811855}",25,0,-37.10570034082057,"{0: 22, 1: 1, 2: 0, 3: 1, 4: 1}",0
512,False,"{'a': 0.001, 'e': 0.5992957878455384}",20,16,6.4093163325334785,"{0: 4, 1: 0, 2: 0, 3: 0, 4: 0}",1
513,False,"{'a': 0.001, 'e': 0.5986967916057292}",30,20,-29.44453218308817,"{0: 8, 1: 1, 2: 0, 3: 0, 4: 1}",1
514,False,"{'a': 0.001, 'e': 0.5980983940627613}",25,7,-41.91820082014132,"{0: 13, 1: 1, 2: 2, 3: 2, 4: 0}",1
515,False,"{'a': 0.001, 'e': 0.5975005946182375}",25,0,-80.13817096529549,"{0: 19, 1: 0, 2: 4, 3: 1, 4: 1}",0
516,False,"{'a': 0.001, 'e': 0.596903392674358}",25,10,7.475390062245126,"{0: 13, 1: 1, 2: 1, 3: 0, 4: 0}",1
517,False,"{'a': 0.001, 'e': 0.596306787633921}",20,12,-4.439843220742174,"{0: 6, 1: 1, 2: 1, 3: 0, 4: 0}",1
518,False,"{'a': 0.001, 'e': 0.5957107789003212}",20,10,-38.097187149372644,"{0: 8, 1: 0, 2: 1, 3: 0, 4: 1}",1
519,False,"{'a': 0.001, 'e': 0.5951153658775501}",25,19,11.621061331773953,"{0: 6, 1: 0, 2: 0, 3: 0, 4: 0}",1
520,False,"{'a': 0.001, 'e': 0.5945205479701944}",25,0,-143.78443981586588,"{0: 17, 1: 1, 2: 4, 3: 0, 4: 3}",0
521,False,"{'a': 0.001, 'e': 0.5939263245834361}",20,0,-41.81967757523135,"{0: 13, 1: 3, 2: 4, 3: 0, 4: 0}",0
522,False,"{'a': 0.001, 'e': 0.593332695123052}",25,0,-28.503436787186793,"{0: 19, 1: 2, 2: 4, 3: 0, 4: 0}",0
523,False,"{'a': 0.001, 'e': 0.5927396589954125}",20,0,-8.164650042308242,"{0: 16, 1: 3, 2: 0, 3: 1, 4: 0}",0
524,False,"{'a': 0.001, 'e': 0.5921472156074813}",20,0,12.665094365412596,"{0: 19, 1: 0, 2: 1, 3: 0, 4: 0}",0
525,False,"{'a': 0.001, 'e': 0.5915553643668151}",20,3,-20.717858834406382,"{0: 13, 1: 0, 2: 4, 3: 0, 4: 0}",1
526,False,"{'a': 0.001, 'e': 0.5909641046815626}",20,4,-7.068651458597802,"{0: 13, 1: 1, 2: 2, 3: 0, 4: 0}",1
527,False,"{'a': 0.001, 'e': 0.5903734359604639}",20,3,-46.405239846951204,"{0: 12, 1: 3, 2: 1, 3: 0, 4: 1}",1
528,False,"{'a': 0.001, 'e': 0.5897833576128504}",20,0,-35.81603720642852,"{0: 15, 1: 1, 2: 3, 3: 1, 4: 0}",0
529,False,"{'a': 0.001, 'e': 0.5891938690486437}",20,0,-15.791677507665582,"{0: 18, 1: 1, 2: 0, 3: 0, 4: 1}",0
530,False,"{'a': 0.001, 'e': 0.5886049696783552}",20,5,-20.98641529636952,"{0: 10, 1: 2, 2: 3, 3: 0, 4: 0}",1
531,False,"{'a': 0.001, 'e': 0.5880166589130854}",25,0,-99.46124864064264,"{0: 18, 1: 1, 2: 4, 3: 0, 4: 2}",0
532,False,"{'a': 0.001, 'e': 0.5874289361645234}",20,14,-0.5373435884990081,"{0: 5, 1: 0, 2: 1, 3: 0, 4: 0}",1
533,False,"{'a': 0.001, 'e': 0.5868418008449466}",20,0,-90.21189382771358,"{0: 13, 1: 1, 2: 4, 3: 1, 4: 1}",0
534,False,"{'a': 0.001, 'e': 0.5862552523672196}",25,0,-12.640312806130321,"{0: 22, 1: 0, 2: 2, 3: 1, 4: 0}",0
535,False,"{'a': 0.001, 'e': 0.5856692901447937}",20,0,-20.601386040759103,"{0: 16, 1: 2, 2: 1, 3: 1, 4: 0}",0
536,False,"{'a': 0.001, 'e': 0.5850839135917069}",30,7,-46.2644595577099,"{0: 16, 1: 0, 2: 7, 3: 0, 4: 0}",1
537,False,"{'a': 0.001, 'e': 0.5844991221225824}",25,0,-101.39530460176927,"{0: 17, 1: 3, 2: 3, 3: 0, 4: 2}",0
538,False,"{'a': 0.001, 'e': 0.5839149151526287}",25,0,-25.836149741386443,"{0: 20, 1: 1, 2: 4, 3: 0, 4: 0}",0
539,False,"{'a': 0.001, 'e': 0.5833312920976388}",25,0,-103.60046083023613,"{0: 16, 1: 5, 2: 2, 3: 0, 4: 2}",0
540,False,"{'a': 0.001, 'e': 0.5827482523739896}",25,15,-22.44222853034367,"{0: 7, 1: 2, 2: 0, 3: 1, 4: 0}",1
541,False,"{'a': 0.001, 'e': 0.5821657953986414}",30,0,-97.01665903314887,"{0: 21, 1: 2, 2: 4, 3: 2, 4: 1}",0
542,False,"{'a': 0.001, 'e': 0.5815839205891371}",20,6,-36.30778438461246,"{0: 11, 1: 1, 2: 1, 3: 0, 4: 1}",1
543,False,"{'a': 0.001, 'e': 0.5810026273636019}",25,8,-38.36250788827943,"{0: 13, 1: 2, 2: 1, 3: 0, 4: 1}",1
544,False,"{'a': 0.001, 'e': 0.5804219151407424}",30,23,6.37265181165999,"{0: 6, 1: 1, 2: 0, 3: 0, 4: 0}",1
545,False,"{'a': 0.001, 'e': 0.5798417833398464}",30,22,15.808711089810597,"{0: 8, 1: 0, 2: 0, 3: 0, 4: 0}",1
546,False,"{'a': 0.001, 'e': 0.579262231380782}",20,2,-52.75094100193255,"{0: 14, 1: 1, 2: 1, 3: 1, 4: 1}",1
547,False,"{'a': 0.001, 'e': 0.5786832586839974}",25,10,-43.01211742270388,"{0: 11, 1: 1, 2: 2, 3: 0, 4: 1}",1
548,False,"{'a': 0.001, 'e': 0.5781048646705196}",25,0,-106.66683483403506,"{0: 16, 1: 4, 2: 3, 3: 0, 4: 2}",0
549,False,"{'a': 0.001, 'e': 0.5775270487619547}",20,4,-43.08793653838158,"{0: 11, 1: 0, 2: 4, 3: 1, 4: 0}",1
550,False,"{'a': 0.001, 'e': 0.5769498103804866}",20,0,-103.03073373659576,"{0: 13, 1: 1, 2: 4, 3: 0, 4: 2}",0
551,False,"{'a': 0.001, 'e': 0.5763731489488771}",20,5,-47.94397649283001,"{0: 11, 1: 1, 2: 2, 3: 0, 4: 1}",1
552,False,"{'a': 0.001, 'e': 0.5757970638904645}",20,0,-58.91147521415613,"{0: 14, 1: 1, 2: 3, 3: 2, 4: 0}",0
553,False,"{'a': 0.001, 'e': 0.5752215546291638}",25,3,-67.9306479742205,"{0: 16, 1: 0, 2: 5, 3: 0, 4: 1}",1
554,False,"{'a': 0.001, 'e': 0.5746466205894657}",35,0,-63.02086751164212,"{0: 24, 1: 4, 2: 6, 3: 1, 4: 0}",0
555,False,"{'a': 0.001, 'e': 0.574072261196436}",20,12,-5.971138550753764,"{0: 6, 1: 0, 2: 2, 3: 0, 4: 0}",1
556,False,"{'a': 0.001, 'e': 0.5734984758757153}",30,4,-22.16508052030972,"{0: 20, 1: 2, 2: 4, 3: 0, 4: 0}",1
557,False,"{'a': 0.001, 'e': 0.5729252640535184}",20,0,-25.045216019252408,"{0: 15, 1: 1, 2: 4, 3: 0, 4: 0}",0
558,False,"{'a': 0.001, 'e': 0.5723526251566332}",25,18,0.8483250016054025,"{0: 6, 1: 0, 2: 1, 3: 0, 4: 0}",1
559,False,"{'a': 0.001, 'e': 0.5717805586124209}",20,5,-21.583103948529153,"{0: 9, 1: 5, 2: 1, 3: 0, 4: 0}",1
560,False,"{'a': 0.001, 'e': 0.5712090638488149}",20,10,9.831128121086257,"{0: 9, 1: 0, 2: 1, 3: 0, 4: 0}",1
561,False,"{'a': 0.001, 'e': 0.5706381402943203}",25,13,-45.46722810397496,"{0: 9, 1: 0, 2: 2, 3: 0, 4: 1}",1
562,False,"{'a': 0.001, 'e': 0.5700677873780134}",25,4,-91.84555439312045,"{0: 15, 1: 1, 2: 3, 3: 0, 4: 2}",1
563,False,"{'a': 0.001, 'e': 0.5694980045295416}",20,2,-92.65913857995889,"{0: 10, 1: 1, 2: 6, 3: 0, 4: 1}",1
564,False,"{'a': 0.001, 'e': 0.5689287911791218}",20,0,-69.09196827285585,"{0: 15, 1: 0, 2: 3, 3: 1, 4: 1}",0
565,False,"{'a': 0.001, 'e': 0.5683601467575404}",30,11,-52.43038555856509,"{0: 13, 1: 3, 2: 2, 3: 0, 4: 1}",1
566,False,"{'a': 0.001, 'e': 0.5677920706961532}",20,2,-26.349800087694717,"{0: 14, 1: 0, 2: 3, 3: 1, 4: 0}",1
567,False,"{'a': 0.001, 'e': 0.5672245624268841}",30,22,-28.833785030391944,"{0: 7, 1: 0, 2: 0, 3: 0, 4: 1}",1
568,False,"{'a': 0.001, 'e': 0.5666576213822246}",35,11,-64.46177478192479,"{0: 18, 1: 0, 2: 5, 3: 0, 4: 1}",1
569,False,"{'a': 0.001, 'e': 0.5660912469952337}",20,0,-0.6640204814034828,"{0: 17, 1: 1, 2: 2, 3: 0, 4: 0}",0
570,False,"{'a': 0.001, 'e': 0.5655254386995371}",25,7,-16.854548853323344,"{0: 17, 1: 0, 2: 0, 3: 0, 4: 1}",1
571,False,"{'a': 0.001, 'e': 0.5649601959293262}",20,0,-102.23716940567564,"{0: 13, 1: 1, 2: 4, 3: 0, 4: 2}",1
572,False,"{'a': 0.001, 'e': 0.5643955181193583}",20,0,-40.9683319714507,"{0: 16, 1: 1, 2: 2, 3: 0, 4: 1}",0
573,False,"{'a': 0.001, 'e': 0.5638314047049556}",20,14,-6.569042701518244,"{0: 4, 1: 1, 2: 1, 3: 0, 4: 0}",1
574,False,"{'a': 0.001, 'e': 0.5632678551220046}",25,0,-136.78269281683617,"{0: 18, 1: 0, 2: 4, 3: 0, 4: 3}",0
575,False,"{'a': 0.001, 'e': 0.5627048688069557}",20,0,-130.94868421235086,"{0: 12, 1: 1, 2: 4, 3: 1, 4: 2}",0
576,False,"{'a': 0.001, 'e': 0.5621424451968224}",20,0,-54.6370100679132,"{0: 13, 1: 2, 2: 4, 3: 1, 4: 0}",0
577,False,"{'a': 0.001, 'e': 0.5615805837291813}",25,0,-62.211467718915465,"{0: 20, 1: 0, 2: 3, 3: 1, 4: 1}",0
578,False,"{'a': 0.001, 'e': 0.5610192838421706}",25,0,-110.67644716362553,"{0: 17, 1: 1, 2: 5, 3: 0, 4: 2}",0
579,False,"{'a': 0.001, 'e': 0.5604585449744904}",25,0,-54.502356443722,"{0: 20, 1: 1, 2: 2, 3: 1, 4: 1}",0
580,False,"{'a': 0.001, 'e': 0.559898366565402}",20,12,15.191562953371779,"{0: 8, 1: 0, 2: 0, 3: 0, 4: 0}",1
581,False,"{'a': 0.001, 'e': 0.5593387480547268}",20,3,-58.84417922988198,"{0: 9, 1: 2, 2: 6, 3: 0, 4: 0}",1
582,False,"{'a': 0.001, 'e': 0.5587796888828463}",20,3,-14.05163819357098,"{0: 13, 1: 2, 2: 2, 3: 0, 4: 0}",1
583,False,"{'a': 0.001, 'e': 0.5582211884907012}",25,5,15.69697472519753,"{0: 18, 1: 2, 2: 0, 3: 0, 4: 0}",1
584,False,"{'a': 0.001, 'e': 0.5576632463197913}",25,0,-55.10392094961962,"{0: 20, 1: 1, 2: 2, 3: 1, 4: 1}",0
585,False,"{'a': 0.001, 'e': 0.5571058618121739}",20,12,-27.161431510544777,"{0: 7, 1: 0, 2: 0, 3: 0, 4: 1}",1
586,False,"{'a': 0.001, 'e': 0.5565490344104649}",30,18,-51.17451703728049,"{0: 8, 1: 1, 2: 2, 3: 0, 4: 1}",1
587,False,"{'a': 0.001, 'e': 0.5559927635578367}",20,7,-116.16900037635463,"{0: 8, 1: 2, 2: 0, 3: 0, 4: 3}",1
588,False,"{'a': 0.001, 'e': 0.5554370486980182}",20,6,-47.09912542083825,"{0: 9, 1: 0, 2: 4, 3: 1, 4: 0}",1
589,False,"{'a': 0.001, 'e': 0.5548818892752949}",25,11,-24.462868178852705,"{0: 10, 1: 0, 2: 4, 3: 0, 4: 0}",1
590,False,"{'a': 0.001, 'e': 0.5543272847345071}",25,13,-18.41453014993237,"{0: 9, 1: 0, 2: 3, 3: 0, 4: 0}",1
591,False,"{'a': 0.001, 'e': 0.5537732345210501}",30,18,14.468105968806888,"{0: 11, 1: 1, 2: 0, 3: 0, 4: 0}",1
592,False,"{'a': 0.001, 'e': 0.5532197380808739}",25,0,-56.26281054241605,"{0: 19, 1: 1, 2: 4, 3: 0, 4: 1}",0
593,False,"{'a': 0.001, 'e': 0.5526667948604818}",20,0,-51.497302725351865,"{0: 12, 1: 4, 2: 3, 3: 1, 4: 0}",0
594,False,"{'a': 0.001, 'e': 0.5521144043069306}",30,0,-20.308606725441756,"{0: 24, 1: 3, 2: 2, 3: 1, 4: 0}",0
595,False,"{'a': 0.001, 'e': 0.5515625658678298}",25,12,-28.156589282162386,"{0: 8, 1: 2, 2: 3, 3: 0, 4: 0}",1
596,False,"{'a': 0.001, 'e': 0.5510112789913407}",20,14,1.0891907836054129,"{0: 5, 1: 0, 2: 1, 3: 0, 4: 0}",1
597,False,"{'a': 0.001, 'e': 0.5504605431261766}",25,0,-30.480945087356368,"{0: 22, 1: 0, 2: 2, 3: 0, 4: 1}",0
598,False,"{'a': 0.001, 'e': 0.5499103577216016}",25,0,-2.8517697601695837,"{0: 21, 1: 2, 2: 2, 3: 0, 4: 0}",0
599,False,"{'a': 0.001, 'e': 0.54936072222743}",35,6,-89.92616320450784,"{0: 20, 1: 3, 2: 4, 3: 1, 4: 1}",1
600,False,"{'a': 0.001, 'e': 0.5488116360940265}",25,0,-8.522516555344533,"{0: 19, 1: 4, 2: 2, 3: 0, 4: 0}",0
601,False,"{'a': 0.001, 'e': 0.5482630987723047}",20,0,-56.1094495562169,"{0: 16, 1: 1, 2: 1, 3: 1, 4: 1}",0
602,False,"{'a': 0.001, 'e': 0.5477151097137275}",35,0,-53.68741546649323,"{0: 28, 1: 3, 2: 3, 3: 0, 4: 1}",0
603,False,"{'a': 0.001, 'e': 0.5471676683703055}",20,11,15.96996403334564,"{0: 9, 1: 0, 2: 0, 3: 0, 4: 0}",1
604,False,"{'a': 0.001, 'e': 0.5466207741945976}",35,0,-77.5510804302294,"{0: 26, 1: 3, 2: 4, 3: 1, 4: 1}",0
605,False,"{'a': 0.001, 'e': 0.5460744266397094}",20,9,13.16124027858592,"{0: 10, 1: 1, 2: 0, 3: 0, 4: 0}",1
606,False,"{'a': 0.001, 'e': 0.5455286251592933}",20,0,-23.401374083521784,"{0: 16, 1: 0, 2: 3, 3: 1, 4: 0}",0
607,False,"{'a': 0.001, 'e': 0.544983369207548}",30,21,-8.22668907584723,"{0: 7, 1: 0, 2: 2, 3: 0, 4: 0}",1
608,False,"{'a': 0.001, 'e': 0.5444386582392171}",30,15,-15.474318539116815,"{0: 12, 1: 0, 2: 3, 3: 0, 4: 0}",1
609,False,"{'a': 0.001, 'e': 0.5438944917095899}",25,13,-11.580728762760815,"{0: 10, 1: 0, 2: 1, 3: 1, 4: 0}",1
610,False,"{'a': 0.001, 'e': 0.5433508690744998}",25,1,7.780932748948409,"{0: 20, 1: 3, 2: 1, 3: 0, 4: 0}",1
611,False,"{'a': 0.001, 'e': 0.542807789790324}",25,7,-96.04380442542308,"{0: 12, 1: 1, 2: 3, 3: 0, 4: 2}",1
612,False,"{'a': 0.001, 'e': 0.5422652533139832}",20,0,-32.69627514990198,"{0: 15, 1: 1, 2: 3, 3: 1, 4: 0}",0
613,False,"{'a': 0.001, 'e': 0.541723259102941}",25,5,-14.435991154942903,"{0: 15, 1: 2, 2: 3, 3: 0, 4: 0}",1
614,False,"{'a': 0.001, 'e': 0.5411818066152029}",20,13,-44.18416882153164,"{0: 4, 1: 2, 2: 0, 3: 0, 4: 1}",1
615,False,"{'a': 0.001, 'e': 0.5406408953093166}",20,6,-18.419327366096876,"{0: 11, 1: 1, 2: 1, 3: 1, 4: 0}",1
616,False,"{'a': 0.001, 'e': 0.5401005246443706}",25,10,-49.06705251501945,"{0: 9, 1: 2, 2: 3, 3: 1, 4: 0}",1
617,False,"{'a': 0.001, 'e': 0.5395606940799943}",30,10,3.6623419405107,"{0: 16, 1: 3, 2: 1, 3: 0, 4: 0}",1
618,False,"{'a': 0.001, 'e': 0.539021403076357}",30,20,3.9583921176401007,"{0: 9, 1: 0, 2: 1, 3: 0, 4: 0}",1
619,False,"{'a': 0.001, 'e': 0.5384826510941678}",20,7,-4.839616944617879,"{0: 10, 1: 1, 2: 2, 3: 0, 4: 0}",1
620,False,"{'a': 0.001, 'e': 0.5379444375946745}",35,2,-68.66855144718672,"{0: 26, 1: 1, 2: 4, 3: 1, 4: 1}",1
621,False,"{'a': 0.001, 'e': 0.5374067620396636}",25,0,-70.74543955232139,"{0: 19, 1: 1, 2: 3, 3: 1, 4: 1}",0
622,False,"{'a': 0.001, 'e': 0.5368696238914595}",20,0,-43.85588356727548,"{0: 15, 1: 3, 2: 1, 3: 0, 4: 1}",0
623,False,"{'a': 0.001, 'e': 0.5363330226129241}",20,0,-63.781395997038096,"{0: 12, 1: 2, 2: 5, 3: 1, 4: 0}",0
624,False,"{'a': 0.001, 'e': 0.535796957667456}",20,0,-49.73489793742161,"{0: 13, 1: 2, 2: 4, 3: 1, 4: 0}",0
625,False,"{'a': 0.001, 'e': 0.5352614285189903}",20,0,-40.12296169272368,"{0: 15, 1: 0, 2: 4, 3: 1, 4: 0}",0
626,False,"{'a': 0.001, 'e': 0.5347264346319975}",25,0,8.64689080152673,"{0: 22, 1: 1, 2: 2, 3: 0, 4: 0}",0
627,False,"{'a': 0.001, 'e': 0.5341919754714841}",35,11,-22.497350769707158,"{0: 20, 1: 3, 2: 0, 3: 0, 4: 1}",1
628,False,"{'a': 0.001, 'e': 0.5336580505029906}",20,14,10.755256742542565,"{0: 6, 1: 0, 2: 0, 3: 0, 4: 0}",1
629,False,"{'a': 0.001, 'e': 0.5331246591925921}",20,10,-9.021203896446385,"{0: 8, 1: 0, 2: 2, 3: 0, 4: 0}",1
630,False,"{'a': 0.001, 'e': 0.5325918010068972}",25,0,-14.030543852360905,"{0: 20, 1: 2, 2: 3, 3: 0, 4: 0}",0
631,False,"{'a': 0.001, 'e': 0.5320594754130477}",20,9,4.24845834049538,"{0: 9, 1: 1, 2: 1, 3: 0, 4: 0}",1
632,False,"{'a': 0.001, 'e': 0.5315276818787179}",20,10,5.120612550750447,"{0: 9, 1: 0, 2: 1, 3: 0, 4: 0}",1
633,False,"{'a': 0.001, 'e': 0.5309964198721143}",20,13,7.258962990444545,"{0: 6, 1: 1, 2: 0, 3: 0, 4: 0}",1
634,False,"{'a': 0.001, 'e': 0.5304656888619749}",25,8,-4.823247319346371,"{0: 15, 1: 0, 2: 1, 3: 1, 4: 0}",1
635,False,"{'a': 0.001, 'e': 0.5299354883175685}",20,8,-19.776633444538497,"{0: 7, 1: 4, 2: 1, 3: 0, 4: 0}",1
636,False,"{'a': 0.001, 'e': 0.5294058177086945}",20,2,-74.71410182058153,"{0: 10, 1: 4, 2: 3, 3: 0, 4: 1}",1
637,False,"{'a': 0.001, 'e': 0.5288766765056825}",25,0,1.2450658757609485,"{0: 22, 1: 1, 2: 2, 3: 0, 4: 0}",0
638,False,"{'a': 0.001, 'e': 0.528348064179391}",25,14,-14.707207903536165,"{0: 9, 1: 0, 2: 1, 3: 1, 4: 0}",1
639,False,"{'a': 0.001, 'e': 0.5278199802012077}",25,7,-59.80506856781005,"{0: 15, 1: 1, 2: 0, 3: 0, 4: 2}",1
640,False,"{'a': 0.001, 'e': 0.5272924240430485}",20,7,-27.060553379498963,"{0: 9, 1: 0, 2: 4, 3: 0, 4: 0}",1
641,False,"{'a': 0.001, 'e': 0.5267653951773574}",35,17,-33.19751559456672,"{0: 15, 1: 1, 2: 1, 3: 0, 4: 1}",1
642,False,"{'a': 0.001, 'e': 0.5262388930771054}",30,1,-65.43902937548393,"{0: 21, 1: 3, 2: 4, 3: 0, 4: 1}",1
643,False,"{'a': 0.001, 'e': 0.5257129172157903}",20,6,-2.111715576752186,"{0: 11, 1: 2, 2: 1, 3: 0, 4: 0}",1
644,False,"{'a': 0.001, 'e': 0.5251874670674361}",20,13,8.406908986081344,"{0: 6, 1: 1, 2: 0, 3: 0, 4: 0}",1
645,False,"{'a': 0.001, 'e': 0.5246625421065929}",30,13,-79.11821560099487,"{0: 12, 1: 2, 2: 1, 3: 0, 4: 2}",1
646,False,"{'a': 0.001, 'e': 0.5241381418083354}",20,5,-7.821382653474998,"{0: 12, 1: 0, 2: 3, 3: 0, 4: 0}",1
647,False,"{'a': 0.001, 'e': 0.5236142656482635}",35,15,-137.51181222352227,"{0: 12, 1: 0, 2: 4, 3: 2, 4: 2}",1
648,False,"{'a': 0.001, 'e': 0.5230909131025008}",20,0,-6.0916204948080965,"{0: 18, 1: 0, 2: 1, 3: 1, 4: 0}",0
649,False,"{'a': 0.001, 'e': 0.5225680836476948}",20,4,23.610085527525204,"{0: 16, 1: 0, 2: 0, 3: 0, 4: 0}",1
650,False,"{'a': 0.001, 'e': 0.522045776761016}",25,10,-19.849619496767453,"{0: 13, 1: 1, 2: 0, 3: 0, 4: 1}",1
651,False,"{'a': 0.001, 'e': 0.5215239919201575}",25,14,-2.9634123240060855,"{0: 10, 1: 0, 2: 0, 3: 1, 4: 0}",1
652,False,"{'a': 0.001, 'e': 0.5210027286033344}",30,8,-81.12122732938059,"{0: 14, 1: 3, 2: 3, 3: 1, 4: 1}",1
653,False,"{'a': 0.001, 'e': 0.5204819862892832}",20,0,-64.10877936644223,"{0: 17, 1: 1, 2: 0, 3: 0, 4: 2}",0
654,False,"{'a': 0.001, 'e': 0.5199617644572618}",30,14,-10.515899596040565,"{0: 13, 1: 0, 2: 3, 3: 0, 4: 0}",1
655,False,"{'a': 0.001, 'e': 0.5194420625870482}",30,0,-15.351280878071405,"{0: 24, 1: 4, 2: 1, 3: 1, 4: 0}",0
656,False,"{'a': 0.001, 'e': 0.5189228801589404}",20,0,-23.158070875025736,"{0: 18, 1: 0, 2: 1, 3: 0, 4: 1}",0
657,False,"{'a': 0.001, 'e': 0.5184042166537559}",25,0,-51.89993889599879,"{0: 16, 1: 2, 2: 7, 3: 0, 4: 0}",0
658,False,"{'a': 0.001, 'e': 0.5178860715528314}",20,8,7.3474850405849494,"{0: 11, 1: 0, 2: 1, 3: 0, 4: 0}",1
659,False,"{'a': 0.001, 'e': 0.5173684443380216}",20,11,-11.628430588209397,"{0: 6, 1: 2, 2: 1, 3: 0, 4: 0}",1
660,False,"{'a': 0.001, 'e': 0.5168513344916992}",25,12,1.7547387977964304,"{0: 11, 1: 0, 2: 2, 3: 0, 4: 0}",1
661,False,"{'a': 0.001, 'e': 0.5163347414967544}",25,13,-52.71196884941995,"{0: 9, 1: 0, 2: 1, 3: 1, 4: 1}",1
662,False,"{'a': 0.001, 'e': 0.5158186648365941}",30,0,-61.09547359047619,"{0: 22, 1: 4, 2: 3, 3: 0, 4: 1}",0
663,False,"{'a': 0.001, 'e': 0.5153031039951417}",20,3,-4.193773892206314,"{0: 14, 1: 1, 2: 2, 3: 0, 4: 0}",1
664,False,"{'a': 0.001, 'e': 0.5147880584568362}",20,15,10.401680269226496,"{0: 5, 1: 0, 2: 0, 3: 0, 4: 0}",1
665,False,"{'a': 0.001, 'e': 0.5142735277066319}",25,0,-51.172533638267495,"{0: 20, 1: 0, 2: 4, 3: 0, 4: 1}",0
666,False,"{'a': 0.001, 'e': 0.5137595112299983}",25,5,6.998583651140883,"{0: 18, 1: 0, 2: 2, 3: 0, 4: 0}",1
667,False,"{'a': 0.001, 'e': 0.5132460085129188}",20,0,15.622720392390656,"{0: 18, 1: 1, 2: 1, 3: 0, 4: 0}",0
668,False,"{'a': 0.001, 'e': 0.5127330190418905}",20,12,-16.95295667341452,"{0: 6, 1: 0, 2: 1, 3: 1, 4: 0}",1
669,False,"{'a': 0.001, 'e': 0.512220542303924}",25,11,-30.459913147139645,"{0: 12, 1: 0, 2: 1, 3: 0, 4: 1}",1
670,False,"{'a': 0.001, 'e': 0.5117085777865424}",30,0,-84.80933585535601,"{0: 25, 1: 0, 2: 2, 3: 1, 4: 2}",0
671,False,"{'a': 0.001, 'e': 0.5111971249777814}",20,0,-30.4870360621491,"{0: 17, 1: 0, 2: 1, 3: 2, 4: 0}",0
672,False,"{'a': 0.001, 'e': 0.5106861833661879}",20,0,-22.961685365921948,"{0: 15, 1: 1, 2: 4, 3: 0, 4: 0}",0
673,False,"{'a': 0.001, 'e': 0.5101757524408203}",25,16,4.311021094260575,"{0: 8, 1: 0, 2: 1, 3: 0, 4: 0}",1
674,False,"{'a': 0.001, 'e': 0.5096658316912476}",25,0,-68.45154779814251,"{0: 19, 1: 1, 2: 3, 3: 1, 4: 1}",0
675,False,"{'a': 0.001, 'e': 0.5091564206075492}",30,0,-89.29745516577245,"{0: 20, 1: 4, 2: 5, 3: 0, 4: 1}",0
676,False,"{'a': 0.001, 'e': 0.5086475186803137}",30,5,-96.33866826825991,"{0: 17, 1: 3, 2: 3, 3: 0, 4: 2}",1
677,False,"{'a': 0.001, 'e': 0.5081391254006393}",20,14,11.189933550729544,"{0: 6, 1: 0, 2: 0, 3: 0, 4: 0}",1
678,False,"{'a': 0.001, 'e': 0.5076312402601327}",20,7,-14.01146346004011,"{0: 10, 1: 0, 2: 3, 3: 0, 4: 0}",1
679,False,"{'a': 0.001, 'e': 0.5071238627509086}",30,11,-129.60640997526315,"{0: 13, 1: 0, 2: 3, 3: 0, 4: 3}",1
680,False,"{'a': 0.001, 'e': 0.5066169923655895}",25,6,-50.36840370266017,"{0: 15, 1: 1, 2: 1, 3: 1, 4: 1}",1
681,False,"{'a': 0.001, 'e': 0.5061106285973052}",25,18,0.05208678698285252,"{0: 6, 1: 0, 2: 1, 3: 0, 4: 0}",1
682,False,"{'a': 0.001, 'e': 0.5056047709396915}",25,15,-45.63944165499967,"{0: 8, 1: 0, 2: 0, 3: 1, 4: 1}",1
683,False,"{'a': 0.001, 'e': 0.5050994188868908}",20,2,13.225815350132926,"{0: 16, 1: 1, 2: 1, 3: 0, 4: 0}",1
684,False,"{'a': 0.001, 'e': 0.5045945719335512}",25,13,-6.263423796433685,"{0: 9, 1: 2, 2: 1, 3: 0, 4: 0}",1
685,False,"{'a': 0.001, 'e': 0.5040902295748255}",25,13,-2.9311255345135034,"{0: 11, 1: 0, 2: 0, 3: 1, 4: 0}",1
686,False,"{'a': 0.001, 'e': 0.5035863913063714}",25,4,-108.520111092842,"{0: 15, 1: 0, 2: 3, 3: 1, 4: 2}",1
687,False,"{'a': 0.001, 'e': 0.5030830566243506}",25,17,3.7881394156482893,"{0: 7, 1: 0, 2: 1, 3: 0, 4: 0}",1
688,False,"{'a': 0.001, 'e': 0.5025802250254283}",20,0,-120.03319520932565,"{0: 13, 1: 1, 2: 3, 3: 1, 4: 2}",0
689,False,"{'a': 0.001, 'e': 0.502077896006773}",20,3,-7.5956948401000055,"{0: 14, 1: 0, 2: 3, 3: 0, 4: 0}",1
690,False,"{'a': 0.001, 'e': 0.5015760690660555}",25,13,-32.18306499979081,"{0: 10, 1: 0, 2: 1, 3: 0, 4: 1}",1
691,False,"{'a': 0.001, 'e': 0.5010747437014489}",20,13,8.780092194957362,"{0: 6, 1: 1, 2: 0, 3: 0, 4: 0}",1
692,False,"{'a': 0.001, 'e': 0.5005739194116277}",25,11,7.263838846056094,"{0: 12, 1: 1, 2: 1, 3: 0, 4: 0}",1
693,False,"{'a': 0.001, 'e': 0.5000735956957676}",20,16,7.35091663658484,"{0: 4, 1: 0, 2: 0, 3: 0, 4: 0}",1
694,False,"{'a': 0.001, 'e': 0.4995737720535449}",25,10,-60.676052424243494,"{0: 12, 1: 1, 2: 0, 3: 0, 4: 2}",1
695,False,"{'a': 0.001, 'e': 0.49907444798513595}",20,3,-3.7829906095786026,"{0: 14, 1: 1, 2: 2, 3: 0, 4: 0}",1
696,False,"{'a': 0.001, 'e': 0.4985756229912165}",20,0,-0.849729606192235,"{0: 17, 1: 1, 2: 2, 3: 0, 4: 0}",0
697,False,"{'a': 0.001, 'e': 0.4980772965729616}",35,5,-10.312265029140036,"{0: 24, 1: 2, 2: 4, 3: 0, 4: 0}",1
698,False,"{'a': 0.001, 'e': 0.4975794682320448}",25,15,5.3201159109257965,"{0: 9, 1: 0, 2: 1, 3: 0, 4: 0}",1
699,False,"{'a': 0.001, 'e': 0.4970821374706377}",30,7,-68.33320474372437,"{0: 19, 1: 1, 2: 1, 3: 0, 4: 2}",1
700,False,"{'a': 0.001, 'e': 0.49658530379140947}",30,13,2.9980417089885996,"{0: 15, 1: 0, 2: 2, 3: 0, 4: 0}",1
701,False,"{'a': 0.001, 'e': 0.49608896669752645}",20,0,-3.531295625471354,"{0: 17, 1: 0, 2: 3, 3: 0, 4: 0}",0
702,False,"{'a': 0.001, 'e': 0.4955931256926514}",25,8,-44.70000023706079,"{0: 10, 1: 1, 2: 6, 3: 0, 4: 0}",1
703,False,"{'a': 0.001, 'e': 0.4950977802809434}",30,0,-25.86523449731776,"{0: 27, 1: 0, 2: 2, 3: 0, 4: 1}",0
704,False,"{'a': 0.001, 'e': 0.494602929967057}",25,5,-36.87063844104971,"{0: 16, 1: 1, 2: 2, 3: 0, 4: 1}",1
705,False,"{'a': 0.001, 'e': 0.4941085742561417}",25,16,13.068256737737673,"{0: 9, 1: 0, 2: 0, 3: 0, 4: 0}",1
706,False,"{'a': 0.001, 'e': 0.4936147126538418}",25,11,-3.039489732203587,"{0: 11, 1: 2, 2: 1, 3: 0, 4: 0}",1
707,False,"{'a': 0.001, 'e': 0.49312134466629576}",20,0,-48.786587026857354,"{0: 15, 1: 2, 2: 2, 3: 0, 4: 1}",0
708,False,"{'a': 0.001, 'e': 0.49262846980013547}",20,0,-33.13168189990993,"{0: 14, 1: 1, 2: 5, 3: 0, 4: 0}",0
709,False,"{'a': 0.001, 'e': 0.492136087562486}",25,0,-44.820053374024404,"{0: 18, 1: 0, 2: 7, 3: 0, 4: 0}",0
710,False,"{'a': 0.001, 'e': 0.4916441974609651}",20,12,7.117474444668119,"{0: 7, 1: 1, 2: 0, 3: 0, 4: 0}",1
711,False,"{'a': 0.001, 'e': 0.4911527990036827}",30,20,-11.906341072277574,"{0: 7, 1: 1, 2: 2, 3: 0, 4: 0}",1
712,False,"{'a': 0.001, 'e': 0.4906618916992401}",25,0,0.8397575546509162,"{0: 23, 1: 0, 2: 1, 3: 1, 4: 0}",0
713,False,"{'a': 0.001, 'e': 0.4901714750567302}",20,11,-36.47101138905003,"{0: 7, 1: 0, 2: 1, 3: 0, 4: 1}",1
714,False,"{'a': 0.001, 'e': 0.4896815485857362}",25,0,-48.401704010499465,"{0: 23, 1: 0, 2: 0, 3: 0, 4: 2}",0
715,False,"{'a': 0.001, 'e': 0.48919211179633154}",25,1,-40.525603540179205,"{0: 18, 1: 1, 2: 4, 3: 1, 4: 0}",1
716,False,"{'a': 0.001, 'e': 0.4887031641990795}",25,7,-43.98053387424277,"{0: 15, 1: 0, 2: 1, 3: 1, 4: 1}",1
717,False,"{'a': 0.001, 'e': 0.4882147053050323}",30,20,-80.67030851650722,"{0: 7, 1: 0, 2: 1, 3: 0, 4: 2}",1
718,False,"{'a': 0.001, 'e': 0.4877267346257312}",25,0,-22.400829176079075,"{0: 20, 1: 1, 2: 3, 3: 1, 4: 0}",0
719,False,"{'a': 0.001, 'e': 0.48723925167320525}",20,10,5.4205503896395,"{0: 9, 1: 0, 2: 1, 3: 0, 4: 0}",1
720,False,"{'a': 0.001, 'e': 0.4867522559599717}",25,0,-67.12316546601531,"{0: 19, 1: 0, 2: 5, 3: 0, 4: 1}",0
721,False,"{'a': 0.001, 'e': 0.4862657469990346}",20,0,-68.63413111507752,"{0: 17, 1: 0, 2: 1, 3: 0, 4: 2}",0
722,False,"{'a': 0.001, 'e': 0.485779724303885}",20,6,-65.00736068914769,"{0: 11, 1: 1, 2: 0, 3: 0, 4: 2}",1
723,False,"{'a': 0.001, 'e': 0.4852941873885002}",20,0,-36.53789844537487,"{0: 16, 1: 1, 2: 2, 3: 0, 4: 1}",1
724,False,"{'a': 0.001, 'e': 0.48480913576734325}",25,10,26.492177479814966,"{0: 15, 1: 0, 2: 0, 3: 0, 4: 0}",1
725,False,"{'a': 0.001, 'e': 0.48432456895536247}",25,0,-124.56916291750467,"{0: 16, 1: 3, 2: 3, 3: 1, 4: 2}",0
726,False,"{'a': 0.001, 'e': 0.483840486467991}",20,5,-53.602357667747505,"{0: 11, 1: 0, 2: 3, 3: 0, 4: 1}",1
727,False,"{'a': 0.001, 'e': 0.48335688782114633}",25,16,-46.883111936797754,"{0: 7, 1: 0, 2: 0, 3: 1, 4: 1}",1
728,False,"{'a': 0.001, 'e': 0.48287377253122976}",30,12,-21.779142528874168,"{0: 16, 1: 0, 2: 1, 3: 0, 4: 1}",1
729,False,"{'a': 0.001, 'e': 0.4823911401151259}",20,0,-44.864558799108295,"{0: 16, 1: 0, 2: 3, 3: 0, 4: 1}",0
730,False,"{'a': 0.001, 'e': 0.48190899009020244}",20,0,-53.567907443190144,"{0: 16, 1: 2, 2: 0, 3: 1, 4: 1}",0
731,False,"{'a': 0.001, 'e': 0.4814273219743092}",30,0,-50.0295077762501,"{0: 25, 1: 1, 2: 2, 3: 1, 4: 1}",0
732,False,"{'a': 0.001, 'e': 0.480946135285778}",25,0,-105.59001910580511,"{0: 19, 1: 1, 2: 2, 3: 1, 4: 2}",0
733,False,"{'a': 0.001, 'e': 0.48046542954342225}",20,11,12.637334728197493,"{0: 9, 1: 0, 2: 0, 3: 0, 4: 0}",1
734,False,"{'a': 0.001, 'e': 0.479985204266536}",20,4,-36.31635964930281,"{0: 13, 1: 0, 2: 2, 3: 0, 4: 1}",1
735,False,"{'a': 0.001, 'e': 0.4795054589748941}",25,0,4.085412792004339,"{0: 22, 1: 1, 2: 2, 3: 0, 4: 0}",0
736,False,"{'a': 0.001, 'e': 0.4790261931887511}",35,23,15.892893606248402,"{0: 11, 1: 1, 2: 0, 3: 0, 4: 0}",1
737,False,"{'a': 0.001, 'e': 0.4785474064288412}",20,9,-19.79032198175626,"{0: 8, 1: 1, 2: 1, 3: 1, 4: 0}",1
738,False,"{'a': 0.001, 'e': 0.4780690982163776}",30,0,-38.65152140999666,"{0: 25, 1: 1, 2: 3, 3: 0, 4: 1}",0
739,False,"{'a': 0.001, 'e': 0.4775912680730521}",20,3,-55.04964076851384,"{0: 13, 1: 0, 2: 2, 3: 1, 4: 1}",1
740,False,"{'a': 0.001, 'e': 0.4771139155210344}",20,8,-14.075457312348846,"{0: 9, 1: 0, 2: 3, 3: 0, 4: 0}",1
741,False,"{'a': 0.001, 'e': 0.47663704008297203}",25,0,-79.32676134772943,"{0: 18, 1: 1, 2: 4, 3: 1, 4: 1}",0
742,False,"{'a': 0.001, 'e': 0.4761606412819894}",25,6,-72.1184092805223,"{0: 13, 1: 2, 2: 2, 3: 1, 4: 1}",1
743,False,"{'a': 0.001, 'e': 0.4756847186416878}",30,0,-17.356469925918393,"{0: 28, 1: 0, 2: 0, 3: 1, 4: 1}",0
744,False,"{'a': 0.001, 'e': 0.47520927168614446}",30,0,-22.43472570191693,"{0: 27, 1: 1, 2: 1, 3: 0, 4: 1}",0
745,False,"{'a': 0.001, 'e': 0.4747342999399124}",20,3,-26.61484258847611,"{0: 15, 1: 1, 2: 0, 3: 0, 4: 1}",1
746,False,"{'a': 0.001, 'e': 0.4742598029280199}",25,10,-15.037759200570825,"{0: 14, 1: 0, 2: 0, 3: 0, 4: 1}",1
747,False,"{'a': 0.001, 'e': 0.4737857801759698}",20,6,9.15751510408643,"{0: 13, 1: 0, 2: 1, 3: 0, 4: 0}",1
748,False,"{'a': 0.001, 'e': 0.4733122312097393}",25,0,-47.62748544904983,"{0: 21, 1: 1, 2: 1, 3: 1, 4: 1}",0
749,False,"{'a': 0.001, 'e': 0.47283915555577954}",20,6,-14.428736947939726,"{0: 10, 1: 2, 2: 2, 3: 0, 4: 0}",1
750,False,"{'a': 0.001, 'e': 0.4723665527410147}",30,0,-107.76639717701073,"{0: 20, 1: 1, 2: 7, 3: 1, 4: 1}",0
751,False,"{'a': 0.001, 'e': 0.471894422292842}",20,8,-44.44878510079724,"{0: 9, 1: 0, 2: 2, 3: 0, 4: 1}",1
752,False,"{'a': 0.001, 'e': 0.4714227637391309}",25,0,-22.154775150041324,"{0: 18, 1: 4, 2: 3, 3: 0, 4: 0}",0
753,False,"{'a': 0.001, 'e': 0.4709515766082228}",20,10,-31.86506439181858,"{0: 8, 1: 0, 2: 1, 3: 0, 4: 1}",1
754,False,"{'a': 0.001, 'e': 0.47048086042893056}",25,0,-30.358459916524556,"{0: 19, 1: 1, 2: 5, 3: 0, 4: 0}",0
755,False,"{'a': 0.001, 'e': 0.47001061473053796}",30,8,-27.121595895862832,"{0: 17, 1: 2, 2: 2, 3: 1, 4: 0}",1
756,False,"{'a': 0.001, 'e': 0.46954083904279925}",20,3,3.9707696145222044,"{0: 14, 1: 2, 2: 1, 3: 0, 4: 0}",1
757,False,"{'a': 0.001, 'e': 0.4690715328959387}",35,12,-19.564083910733082,"{0: 18, 1: 0, 2: 5, 3: 0, 4: 0}",1
758,False,"{'a': 0.001, 'e': 0.46860269582065023}",20,2,-51.37908963475589,"{0: 13, 1: 1, 2: 3, 3: 0, 4: 1}",1
759,False,"{'a': 0.001, 'e': 0.4681343273480965}",30,10,-42.02691432764803,"{0: 17, 1: 1, 2: 0, 3: 1, 4: 1}",1
760,False,"{'a': 0.001, 'e': 0.46766642700990924}",30,8,-83.43819895646116,"{0: 17, 1: 0, 2: 3, 3: 0, 4: 2}",1
761,False,"{'a': 0.001, 'e': 0.4671989943381879}",20,0,-79.09597994056058,"{0: 13, 1: 1, 2: 5, 3: 0, 4: 1}",1
762,False,"{'a': 0.001, 'e': 0.46673202886549986}",30,15,-52.871294970388696,"{0: 11, 1: 0, 2: 3, 3: 0, 4: 1}",1
763,False,"{'a': 0.001, 'e': 0.46626553012487953}",20,1,10.26386489702779,"{0: 17, 1: 1, 2: 1, 3: 0, 4: 0}",1
764,False,"{'a': 0.001, 'e': 0.46579949764982825}",25,11,2.9144353044585833,"{0: 13, 1: 0, 2: 0, 3: 1, 4: 0}",1
765,False,"{'a': 0.001, 'e': 0.4653339309743134}",20,4,-7.362748109760909,"{0: 14, 1: 0, 2: 1, 3: 1, 4: 0}",1
766,False,"{'a': 0.001, 'e': 0.46486882963276827}",30,9,-67.4801655528094,"{0: 13, 1: 4, 2: 3, 3: 0, 4: 1}",1
767,False,"{'a': 0.001, 'e': 0.46440419316009157}",30,22,-2.5309363777803053,"{0: 6, 1: 1, 2: 1, 3: 0, 4: 0}",1
768,False,"{'a': 0.001, 'e': 0.4639400210916467}",30,1,19.26701585636396,"{0: 27, 1: 0, 2: 2, 3: 0, 4: 0}",1
769,False,"{'a': 0.001, 'e': 0.4634763129632616}",35,0,-83.42042130959526,"{0: 25, 1: 4, 2: 4, 3: 1, 4: 1}",0
770,False,"{'a': 0.001, 'e': 0.46301306831122807}",30,11,-101.19309649783033,"{0: 12, 1: 0, 2: 4, 3: 2, 4: 1}",1
771,False,"{'a': 0.001, 'e': 0.4625502866723014}",30,8,-135.89797039322977,"{0: 14, 1: 2, 2: 3, 3: 0, 4: 3}",1
772,False,"{'a': 0.001, 'e': 0.4620879675837}",20,16,5.959590571834008,"{0: 4, 1: 0, 2: 0, 3: 0, 4: 0}",1
773,False,"{'a': 0.001, 'e': 0.4616261105831047}",30,0,-31.626041839673114,"{0: 23, 1: 1, 2: 6, 3: 0, 4: 0}",0
774,False,"{'a': 0.001, 'e': 0.4611647152086584}",20,9,-15.822070309585534,"{0: 9, 1: 0, 2: 1, 3: 1, 4: 0}",1
775,False,"{'a': 0.001, 'e': 0.4607037809989658}",25,13,-51.58772675906022,"{0: 8, 1: 1, 2: 2, 3: 0, 4: 1}",1
776,False,"{'a': 0.001, 'e': 0.46024330749309256}",20,4,-4.330244779609471,"{0: 13, 1: 1, 2: 2, 3: 0, 4: 0}",1
777,False,"{'a': 0.001, 'e': 0.4597832942305652}",20,0,11.352241942517635,"{0: 18, 1: 1, 2: 1, 3: 0, 4: 0}",0
778,False,"{'a': 0.001, 'e': 0.45932374075137034}",35,12,-12.246317897566145,"{0: 18, 1: 1, 2: 4, 3: 0, 4: 0}",1
779,False,"{'a': 0.001, 'e': 0.4588646465959545}",20,6,-16.32496501621369,"{0: 11, 1: 0, 2: 3, 3: 0, 4: 0}",1
780,False,"{'a': 0.001, 'e': 0.4584060113052235}",20,10,-17.381190214089422,"{0: 7, 1: 0, 2: 3, 3: 0, 4: 0}",1
781,False,"{'a': 0.001, 'e': 0.45794783442054204}",20,4,-75.08723032393613,"{0: 11, 1: 0, 2: 3, 3: 1, 4: 1}",1
782,False,"{'a': 0.001, 'e': 0.45749011548373314}",20,3,-7.864945651813555,"{0: 15, 1: 0, 2: 1, 3: 1, 4: 0}",1
783,False,"{'a': 0.001, 'e': 0.4570328540370779}",20,0,-26.183735598149966,"{0: 15, 1: 1, 2: 4, 3: 0, 4: 0}",0
784,False,"{'a': 0.001, 'e': 0.4565760496233147}",25,3,-140.47235991896258,"{0: 15, 1: 0, 2: 4, 3: 0, 4: 3}",1
785,False,"{'a': 0.001, 'e': 0.4561197017856392}",25,6,11.411161057812087,"{0: 18, 1: 0, 2: 1, 3: 0, 4: 0}",1
786,False,"{'a': 0.001, 'e': 0.4556638100677035}",20,1,-42.551982179823185,"{0: 14, 1: 3, 2: 1, 3: 0, 4: 1}",1
787,False,"{'a': 0.001, 'e': 0.45520837401361586}",20,8,-55.604918413626265,"{0: 9, 1: 0, 2: 1, 3: 1, 4: 1}",1
788,False,"{'a': 0.001, 'e': 0.45475339316794017}",20,10,-3.7258323182589375,"{0: 8, 1: 0, 2: 2, 3: 0, 4: 0}",1
789,False,"{'a': 0.001, 'e': 0.4542988670756955}",20,0,-103.49474039402388,"{0: 11, 1: 2, 2: 5, 3: 1, 4: 1}",0
790,False,"{'a': 0.001, 'e': 0.45384479528235583}",25,11,-15.346853406849945,"{0: 13, 1: 0, 2: 0, 3: 0, 4: 1}",1
791,False,"{'a': 0.001, 'e': 0.4533911773338492}",30,12,-65.03689811360745,"{0: 14, 1: 2, 2: 0, 3: 0, 4: 2}",1
792,False,"{'a': 0.001, 'e': 0.4529380127765577}",20,5,-32.17115835125828,"{0: 12, 1: 1, 2: 1, 3: 0, 4: 1}",1
793,False,"{'a': 0.001, 'e': 0.4524853011573167}",30,0,1.798573063971341,"{0: 26, 1: 1, 2: 3, 3: 0, 4: 0}",0
794,False,"{'a': 0.001, 'e': 0.45203304202341466}",25,0,-53.53580826534015,"{0: 19, 1: 0, 2: 4, 3: 2, 4: 0}",0
795,False,"{'a': 0.001, 'e': 0.4515812349225922}",20,13,-0.10165300075773276,"{0: 6, 1: 0, 2: 1, 3: 0, 4: 0}",1
796,False,"{'a': 0.001, 'e': 0.45112987940304233}",20,0,-0.06287396455815109,"{0: 17, 1: 1, 2: 2, 3: 0, 4: 0}",0
797,False,"{'a': 0.001, 'e': 0.4506789750134095}",20,0,-18.41038880705906,"{0: 16, 1: 0, 2: 4, 3: 0, 4: 0}",1
798,False,"{'a': 0.001, 'e': 0.45022852130278923}",25,15,-72.62213938762727,"{0: 6, 1: 0, 2: 2, 3: 1, 4: 1}",1
799,False,"{'a': 0.001, 'e': 0.44977851782072775}",20,0,-49.72662251513393,"{0: 14, 1: 2, 2: 2, 3: 2, 4: 0}",0
800,False,"{'a': 0.001, 'e': 0.44932896411722156}",25,0,-72.34614740219311,"{0: 19, 1: 1, 2: 3, 3: 1, 4: 1}",1
801,False,"{'a': 0.001, 'e': 0.448879859742717}",30,22,4.225790188079072,"{0: 7, 1: 0, 2: 1, 3: 0, 4: 0}",1
802,False,"{'a': 0.001, 'e': 0.4484312042481095}",25,1,-65.18530285268096,"{0: 18, 1: 0, 2: 5, 3: 0, 4: 1}",1
803,False,"{'a': 0.001, 'e': 0.44798299718474366}",25,3,-67.62760818823627,"{0: 16, 1: 0, 2: 5, 3: 0, 4: 1}",1
804,False,"{'a': 0.001, 'e': 0.44753523810441237}",25,16,-1.8143432927552106,"{0: 7, 1: 1, 2: 1, 3: 0, 4: 0}",1
805,False,"{'a': 0.001, 'e': 0.4470879265593564}",20,8,2.12103936131568,"{0: 10, 1: 1, 2: 1, 3: 0, 4: 0}",1
806,False,"{'a': 0.001, 'e': 0.44664106210226434}",20,5,3.815683343891015,"{0: 13, 1: 0, 2: 2, 3: 0, 4: 0}",1
807,False,"{'a': 0.001, 'e': 0.44619464428627154}",25,9,17.526171337319404,"{0: 15, 1: 1, 2: 0, 3: 0, 4: 0}",1
808,False,"{'a': 0.001, 'e': 0.4457486726649602}",20,4,-48.9934109019683,"{0: 10, 1: 0, 2: 6, 3: 0, 4: 0}",1
809,False,"{'a': 0.001, 'e': 0.4453031467923587}",30,2,-47.57411015203422,"{0: 20, 1: 1, 2: 7, 3: 0, 4: 0}",1
810,False,"{'a': 0.001, 'e': 0.4448580662229411}",25,17,-4.9583893865745985,"{0: 6, 1: 1, 2: 1, 3: 0, 4: 0}",1
811,False,"{'a': 0.001, 'e': 0.4444134305116268}",25,5,13.619409410019848,"{0: 18, 1: 2, 2: 0, 3: 0, 4: 0}",1
812,False,"{'a': 0.001, 'e': 0.44396923921378006}",20,9,-35.198073495890156,"{0: 6, 1: 0, 2: 5, 3: 0, 4: 0}",1
813,False,"{'a': 0.001, 'e': 0.4435254918852095}",20,5,-52.52536944609868,"{0: 11, 1: 0, 2: 3, 3: 0, 4: 1}",1
814,False,"{'a': 0.001, 'e': 0.44308218808216776}",20,6,-36.732819023124364,"{0: 9, 1: 0, 2: 5, 3: 0, 4: 0}",1
815,False,"{'a': 0.001, 'e': 0.4426393273613511}",25,8,-79.98145296806315,"{0: 11, 1: 2, 2: 1, 3: 2, 4: 1}",1
816,False,"{'a': 0.001, 'e': 0.44219690927989863}",20,10,-26.15061587063372,"{0: 9, 1: 0, 2: 0, 3: 0, 4: 1}",1
817,False,"{'a': 0.001, 'e': 0.4417549333953923}",25,12,11.136240352467903,"{0: 12, 1: 1, 2: 0, 3: 0, 4: 0}",1
818,False,"{'a': 0.001, 'e': 0.44131339926585617}",20,7,19.953997462821988,"{0: 13, 1: 0, 2: 0, 3: 0, 4: 0}",1
819,False,"{'a': 0.001, 'e': 0.4408723064497561}",20,6,-20.438021040573695,"{0: 9, 1: 3, 2: 2, 3: 0, 4: 0}",1
820,False,"{'a': 0.001, 'e': 0.44043165450599925}",25,8,-25.35623604993139,"{0: 15, 1: 0, 2: 1, 3: 0, 4: 1}",1
821,False,"{'a': 0.001, 'e': 0.43999144299393356}",20,9,-108.5637904520235,"{0: 7, 1: 0, 2: 0, 3: 2, 4: 2}",1
822,False,"{'a': 0.001, 'e': 0.43955167147334756}",20,8,20.60073474816755,"{0: 12, 1: 0, 2: 0, 3: 0, 4: 0}",1
823,False,"{'a': 0.001, 'e': 0.43911233950446965}",35,13,22.192478195776562,"{0: 20, 1: 0, 2: 2, 3: 0, 4: 0}",1
824,False,"{'a': 0.001, 'e': 0.4386734466479678}",20,5,2.04112405459574,"{0: 13, 1: 0, 2: 2, 3: 0, 4: 0}",1
825,False,"{'a': 0.001, 'e': 0.4382349924649492}",20,4,9.136102618160631,"{0: 15, 1: 0, 2: 0, 3: 1, 4: 0}",1
826,False,"{'a': 0.001, 'e': 0.4377969765169596}",20,5,-0.03741091746289715,"{0: 11, 1: 4, 2: 0, 3: 0, 4: 0}",1
827,False,"{'a': 0.001, 'e': 0.437359398365983}",20,5,-23.39715169456396,"{0: 11, 1: 2, 2: 1, 3: 1, 4: 0}",1
828,False,"{'a': 0.001, 'e': 0.43692225757444114}",20,6,6.052457281367612,"{0: 13, 1: 0, 2: 0, 3: 1, 4: 0}",1
829,False,"{'a': 0.001, 'e': 0.4364855537051933}",25,12,-61.00921509006694,"{0: 9, 1: 1, 2: 1, 3: 1, 4: 1}",1
830,False,"{'a': 0.001, 'e': 0.43604928632153556}",25,0,-26.95349120199438,"{0: 22, 1: 0, 2: 2, 3: 0, 4: 1}",0
831,False,"{'a': 0.001, 'e': 0.43561345498720044}",20,5,-81.92821833507065,"{0: 9, 1: 2, 2: 1, 3: 2, 4: 1}",1
832,False,"{'a': 0.001, 'e': 0.43517805926635666}",20,12,5.3654096061839684,"{0: 7, 1: 1, 2: 0, 3: 0, 4: 0}",1
833,False,"{'a': 0.001, 'e': 0.43474309872360845}",25,17,8.061473488527108,"{0: 7, 1: 1, 2: 0, 3: 0, 4: 0}",1
834,False,"{'a': 0.001, 'e': 0.4343085729239951}",20,14,-1.9735927803345765,"{0: 4, 1: 2, 2: 0, 3: 0, 4: 0}",1
835,False,"{'a': 0.001, 'e': 0.4338744814329909}",20,0,-48.45245055842698,"{0: 16, 1: 1, 2: 2, 3: 0, 4: 1}",0
836,False,"{'a': 0.001, 'e': 0.4334408238165043}",25,8,-27.47949343262598,"{0: 13, 1: 1, 2: 1, 3: 2, 4: 0}",1
837,False,"{'a': 0.001, 'e': 0.43300759964087765}",30,21,18.733108954544367,"{0: 9, 1: 0, 2: 0, 3: 0, 4: 0}",1
838,False,"{'a': 0.001, 'e': 0.43257480847288665}",35,21,-18.768803457659544,"{0: 13, 1: 0, 2: 0, 3: 0, 4: 1}",1
839,False,"{'a': 0.001, 'e': 0.43214244987974026}",20,13,2.7384276377212906,"{0: 6, 1: 0, 2: 1, 3: 0, 4: 0}",1
840,False,"{'a': 0.001, 'e': 0.43171052342907973}",20,14,9.151527094741088,"{0: 6, 1: 0, 2: 0, 3: 0, 4: 0}",1
841,False,"{'a': 0.001, 'e': 0.43127902868897855}",30,23,5.494909690876452,"{0: 6, 1: 1, 2: 0, 3: 0, 4: 0}",1
842,False,"{'a': 0.001, 'e': 0.43084796522794205}",30,6,-115.34837476416894,"{0: 16, 1: 2, 2: 3, 3: 1, 4: 2}",1
843,False,"{'a': 0.001, 'e': 0.43041733261490667}",20,0,-98.13580253245328,"{0: 16, 1: 1, 2: 0, 3: 0, 4: 3}",0
844,False,"{'a': 0.001, 'e': 0.4299871304192398}",25,15,-11.382412163714884,"{0: 7, 1: 1, 2: 2, 3: 0, 4: 0}",1
845,False,"{'a': 0.001, 'e': 0.42955735821073915}",25,14,10.824628547268954,"{0: 11, 1: 0, 2: 0, 3: 0, 4: 0}",1
846,False,"{'a': 0.001, 'e': 0.42912801555963254}",25,15,3.1686774362032812,"{0: 8, 1: 2, 2: 0, 3: 0, 4: 0}",1
847,False,"{'a': 0.001, 'e': 0.42869910203657724}",20,9,-52.50259473329337,"{0: 8, 1: 1, 2: 0, 3: 1, 4: 1}",1
848,False,"{'a': 0.001, 'e': 0.4282706172126597}",25,2,-58.804006779981826,"{0: 18, 1: 0, 2: 4, 3: 0, 4: 1}",1
849,False,"{'a': 0.001, 'e': 0.427842560659395}",20,15,-4.127672040392915,"{0: 4, 1: 0, 2: 1, 3: 0, 4: 0}",1
850,False,"{'a': 0.001, 'e': 0.4274149319487267}",25,11,0.8588525361905837,"{0: 12, 1: 1, 2: 1, 3: 0, 4: 0}",1
851,False,"{'a': 0.001, 'e': 0.4269877306530259}",25,7,-20.201104943341388,"{0: 16, 1: 1, 2: 0, 3: 0, 4: 1}",1
852,False,"{'a': 0.001, 'e': 0.4265609563450914}",20,0,-19.651383176458797,"{0: 17, 1: 0, 2: 2, 3: 1, 4: 0}",0
853,False,"{'a': 0.001, 'e': 0.4261346085981487}",20,12,0.533745952648796,"{0: 7, 1: 0, 2: 1, 3: 0, 4: 0}",1
854,False,"{'a': 0.001, 'e': 0.4257086869858502}",30,14,-23.881150198364963,"{0: 14, 1: 0, 2: 1, 3: 0, 4: 1}",1
855,False,"{'a': 0.001, 'e': 0.42528319108227414}",20,5,-35.03067209539618,"{0: 12, 1: 0, 2: 2, 3: 0, 4: 1}",1
856,False,"{'a': 0.001, 'e': 0.42485812046192456}",20,0,-45.61999384388382,"{0: 16, 1: 0, 2: 3, 3: 0, 4: 1}",0
857,False,"{'a': 0.001, 'e': 0.4244334746997309}",30,14,-10.327368919968107,"{0: 13, 1: 1, 2: 1, 3: 1, 4: 0}",1
858,False,"{'a': 0.001, 'e': 0.4240092533710473}",30,9,-21.38052683987133,"{0: 17, 1: 1, 2: 2, 3: 1, 4: 0}",1
859,False,"{'a': 0.001, 'e': 0.4235854560516524}",20,12,1.8648513220253713,"{0: 7, 1: 0, 2: 1, 3: 0, 4: 0}",1
860,False,"{'a': 0.001, 'e': 0.4231620823177488}",25,9,-9.701491345532157,"{0: 13, 1: 2, 2: 0, 3: 1, 4: 0}",1
861,False,"{'a': 0.001, 'e': 0.42273913174596284}",20,6,10.858647286831555,"{0: 13, 1: 0, 2: 1, 3: 0, 4: 0}",1
862,False,"{'a': 0.001, 'e': 0.42231660391334386}",25,8,-85.29451386741238,"{0: 10, 1: 2, 2: 2, 3: 2, 4: 1}",1
863,False,"{'a': 0.001, 'e': 0.4218944983973639}",25,0,-27.992622236642887,"{0: 21, 1: 0, 2: 2, 3: 2, 4: 0}",0
864,False,"{'a': 0.001, 'e': 0.42147281477591764}",25,16,-4.9250884445424,"{0: 8, 1: 0, 2: 0, 3: 1, 4: 0}",1
865,False,"{'a': 0.001, 'e': 0.4210515526273212}",25,7,-21.745754387684123,"{0: 16, 1: 1, 2: 0, 3: 0, 4: 1}",1
866,False,"{'a': 0.001, 'e': 0.42063071153031245}",25,7,12.506591498849932,"{0: 16, 1: 1, 2: 1, 3: 0, 4: 0}",1
867,False,"{'a': 0.001, 'e': 0.4202102910640503}",25,7,7.903168852523702,"{0: 16, 1: 0, 2: 2, 3: 0, 4: 0}",1
868,False,"{'a': 0.001, 'e': 0.41979029080811425}",20,7,10.839451637762007,"{0: 12, 1: 0, 2: 1, 3: 0, 4: 0}",1
869,False,"{'a': 0.001, 'e': 0.41937071034250395}",25,10,6.283400941839324,"{0: 13, 1: 1, 2: 1, 3: 0, 4: 0}",1
870,False,"{'a': 0.001, 'e': 0.418951549247639}",25,11,-42.048575179448136,"{0: 12, 1: 0, 2: 0, 3: 1, 4: 1}",1
871,False,"{'a': 0.001, 'e': 0.41853280710435814}",20,0,-4.56132402184801,"{0: 17, 1: 1, 2: 1, 3: 1, 4: 0}",0
872,False,"{'a': 0.001, 'e': 0.41811448349391933}",25,20,8.029258852274392,"{0: 5, 1: 0, 2: 0, 3: 0, 4: 0}",1
873,False,"{'a': 0.001, 'e': 0.4176965779979988}",25,13,19.326616426729615,"{0: 12, 1: 0, 2: 0, 3: 0, 4: 0}",1
874,False,"{'a': 0.001, 'e': 0.41727909019869114}",25,7,20.302381113472453,"{0: 17, 1: 0, 2: 1, 3: 0, 4: 0}",1
875,False,"{'a': 0.001, 'e': 0.4168620196785084}",20,3,-49.14099185363079,"{0: 14, 1: 0, 2: 1, 3: 1, 4: 1}",1
876,False,"{'a': 0.001, 'e': 0.41644536602038007}",20,0,-104.67781429511054,"{0: 16, 1: 0, 2: 1, 3: 0, 4: 3}",1
877,False,"{'a': 0.001, 'e': 0.4160291288076525}",20,7,-20.96293700046441,"{0: 12, 1: 0, 2: 0, 3: 0, 4: 1}",1
878,False,"{'a': 0.001, 'e': 0.4156133076240884}",20,12,15.47207010455989,"{0: 8, 1: 0, 2: 0, 3: 0, 4: 0}",1
879,False,"{'a': 0.001, 'e': 0.4151979020538666}",35,5,-59.52225475871185,"{0: 24, 1: 0, 2: 4, 3: 1, 4: 1}",1
880,False,"{'a': 0.001, 'e': 0.4147829116815814}",35,14,-5.148620117299515,"{0: 18, 1: 1, 2: 1, 3: 1, 4: 0}",1
881,False,"{'a': 0.001, 'e': 0.41436833609224244}",30,4,-38.56970743316609,"{0: 21, 1: 1, 2: 3, 3: 0, 4: 1}",1
882,False,"{'a': 0.001, 'e': 0.4139541748712741}",25,0,-82.88819077212247,"{0: 17, 1: 1, 2: 6, 3: 0, 4: 1}",0
883,False,"{'a': 0.001, 'e': 0.41354042760451515}",25,10,-5.204166203753744,"{0: 12, 1: 1, 2: 2, 3: 0, 4: 0}",1
884,False,"{'a': 0.001, 'e': 0.4131270938782182}",25,14,-43.646053247552025,"{0: 8, 1: 0, 2: 2, 3: 0, 4: 1}",1
885,False,"{'a': 0.001, 'e': 0.4127141732790497}",20,12,-18.896078553993373,"{0: 5, 1: 2, 2: 0, 3: 1, 4: 0}",1
886,False,"{'a': 0.001, 'e': 0.41230166539408875}",20,0,-23.789303585078223,"{0: 16, 1: 0, 2: 3, 3: 1, 4: 0}",0
887,False,"{'a': 0.001, 'e': 0.4118895698108276}",20,0,11.760225914617264,"{0: 18, 1: 1, 2: 1, 3: 0, 4: 0}",0
888,False,"{'a': 0.001, 'e': 0.41147788611717057}",20,6,-30.60250984858379,"{0: 12, 1: 0, 2: 1, 3: 0, 4: 1}",1
889,False,"{'a': 0.001, 'e': 0.41106661390143395}",20,5,-3.0587968178251397,"{0: 13, 1: 0, 2: 2, 3: 0, 4: 0}",1
890,False,"{'a': 0.001, 'e': 0.4106557527523455}",25,10,-27.027588133749678,"{0: 13, 1: 0, 2: 1, 3: 0, 4: 1}",1
891,False,"{'a': 0.001, 'e': 0.410245302259044}",30,15,14.418230773100909,"{0: 14, 1: 0, 2: 1, 3: 0, 4: 0}",1
892,False,"{'a': 0.001, 'e': 0.40983526201107895}",20,0,-9.323144490225559,"{0: 16, 1: 2, 2: 2, 3: 0, 4: 0}",1
893,False,"{'a': 0.001, 'e': 0.40942563159841006}",35,0,-57.621596630609815,"{0: 30, 1: 0, 2: 2, 3: 2, 4: 1}",0
894,False,"{'a': 0.001, 'e': 0.4090164106114069}",30,3,-44.235823949896,"{0: 22, 1: 2, 2: 1, 3: 1, 4: 1}",1
895,False,"{'a': 0.001, 'e': 0.40860759864084845}",30,14,-26.516897124273928,"{0: 13, 1: 2, 2: 0, 3: 0, 4: 1}",1
896,False,"{'a': 0.001, 'e': 0.4081991952779227}",20,0,17.836226262324214,"{0: 19, 1: 1, 2: 0, 3: 0, 4: 0}",0
897,False,"{'a': 0.001, 'e': 0.4077912001142262}",25,11,14.635644697938883,"{0: 13, 1: 0, 2: 1, 3: 0, 4: 0}",1
898,False,"{'a': 0.001, 'e': 0.4073836127417638}",20,0,-67.37236993964522,"{0: 14, 1: 1, 2: 4, 3: 0, 4: 1}",1
899,False,"{'a': 0.001, 'e': 0.40697643275294815}",20,0,-106.52237244962035,"{0: 15, 1: 2, 2: 0, 3: 0, 4: 3}",0
900,False,"{'a': 0.001, 'e': 0.4065696597405991}",20,0,13.93310790136914,"{0: 18, 1: 1, 2: 1, 3: 0, 4: 0}",0
901,False,"{'a': 0.001, 'e': 0.4061632932979437}",25,10,4.676807225215271,"{0: 12, 1: 3, 2: 0, 3: 0, 4: 0}",1
902,False,"{'a': 0.001, 'e': 0.40575733301861544}",25,3,-5.554374904200136,"{0: 18, 1: 2, 2: 2, 3: 0, 4: 0}",1
903,False,"{'a': 0.001, 'e': 0.405351778496654}",20,13,-8.192463764516495,"{0: 5, 1: 1, 2: 1, 3: 0, 4: 0}",1
904,False,"{'a': 0.001, 'e': 0.4049466293265049}",25,0,6.442500580906023,"{0: 23, 1: 0, 2: 1, 3: 1, 4: 0}",0
905,False,"{'a': 0.001, 'e': 0.4045418851030188}",20,5,2.638199822862157,"{0: 13, 1: 0, 2: 2, 3: 0, 4: 0}",1
906,False,"{'a': 0.001, 'e': 0.4041375454214515}",30,18,4.806934636681328,"{0: 10, 1: 1, 2: 1, 3: 0, 4: 0}",1
907,False,"{'a': 0.001, 'e': 0.4037336098774634}",20,3,27.7696643996467,"{0: 17, 1: 0, 2: 0, 3: 0, 4: 0}",1
908,False,"{'a': 0.001, 'e': 0.40333007806711874}",20,6,-21.174620175331142,"{0: 13, 1: 0, 2: 0, 3: 0, 4: 1}",1
909,False,"{'a': 0.001, 'e': 0.40292694958688574}",20,5,-55.169404759459354,"{0: 10, 1: 1, 2: 3, 3: 0, 4: 1}",1
910,False,"{'a': 0.001, 'e': 0.40252422403363597}",30,20,-37.59769751323823,"{0: 7, 1: 2, 2: 0, 3: 0, 4: 1}",1
911,False,"{'a': 0.001, 'e': 0.40212190100464373}",20,14,4.159287913774156,"{0: 5, 1: 1, 2: 0, 3: 0, 4: 0}",1
912,False,"{'a': 0.001, 'e': 0.401719980097586}",30,19,16.63686934577153,"{0: 11, 1: 0, 2: 0, 3: 0, 4: 0}",1
913,False,"{'a': 0.001, 'e': 0.4013184609105419}",20,11,-16.808264161531362,"{0: 6, 1: 0, 2: 3, 3: 0, 4: 0}",1
914,False,"{'a': 0.001, 'e': 0.4009173430419921}",25,11,6.326587364691048,"{0: 12, 1: 0, 2: 2, 3: 0, 4: 0}",1
915,False,"{'a': 0.001, 'e': 0.4005166260908188}",20,10,6.554672677335008,"{0: 9, 1: 0, 2: 1, 3: 0, 4: 0}",1
916,False,"{'a': 0.001, 'e': 0.40011630965630496}",20,14,8.500846745632993,"{0: 6, 1: 0, 2: 0, 3: 0, 4: 0}",1
917,False,"{'a': 0.001, 'e': 0.3997163933381341}",20,7,-29.576103138379146,"{0: 11, 1: 1, 2: 0, 3: 0, 4: 1}",1
918,False,"{'a': 0.001, 'e': 0.3993168767363899}",30,8,-6.785271844365688,"{0: 18, 1: 1, 2: 3, 3: 0, 4: 0}",1
919,False,"{'a': 0.001, 'e': 0.39891775945155566}",30,23,-9.899431870781177,"{0: 6, 1: 0, 2: 0, 3: 1, 4: 0}",1
920,False,"{'a': 0.001, 'e': 0.39851904108451414}",20,0,1.1859420937051042,"{0: 16, 1: 2, 2: 2, 3: 0, 4: 0}",0
921,False,"{'a': 0.001, 'e': 0.39812072123654696}",20,16,7.6627177161250755,"{0: 4, 1: 0, 2: 0, 3: 0, 4: 0}",1
922,False,"{'a': 0.001, 'e': 0.39772279950933415}",20,0,-22.12793973682115,"{0: 18, 1: 0, 2: 1, 3: 0, 4: 1}",0
923,False,"{'a': 0.001, 'e': 0.397325275504954}",25,7,-1.521764574439431,"{0: 14, 1: 3, 2: 1, 3: 0, 4: 0}",1
924,False,"{'a': 0.001, 'e': 0.39692814882588245}",30,1,-53.12351777612912,"{0: 22, 1: 3, 2: 3, 3: 0, 4: 1}",1
925,False,"{'a': 0.001, 'e': 0.39653141907499284}",25,13,-52.0709663943199,"{0: 9, 1: 0, 2: 1, 3: 1, 4: 1}",1
926,False,"{'a': 0.001, 'e': 0.39613508585555535}",25,0,12.640443603564849,"{0: 23, 1: 0, 2: 2, 3: 0, 4: 0}",0
927,False,"{'a': 0.001, 'e': 0.3957391487712367}",25,8,-33.10284606085569,"{0: 14, 1: 1, 2: 1, 3: 0, 4: 1}",1
928,False,"{'a': 0.001, 'e': 0.3953436074260998}",25,16,-4.218519928221015,"{0: 7, 1: 1, 2: 1, 3: 0, 4: 0}",1
929,False,"{'a': 0.001, 'e': 0.39494846142460327}",30,9,-9.708945647312882,"{0: 17, 1: 2, 2: 1, 3: 1, 4: 0}",1
930,False,"{'a': 0.001, 'e': 0.3945537103716011}",20,13,11.526091812301706,"{0: 7, 1: 0, 2: 0, 3: 0, 4: 0}",1
931,False,"{'a': 0.001, 'e': 0.3941593538723422}",25,16,-15.323040005633505,"{0: 7, 1: 0, 2: 1, 3: 1, 4: 0}",1
932,False,"{'a': 0.001, 'e': 0.39376539153247}",20,0,-9.340976897017905,"{0: 16, 1: 1, 2: 3, 3: 0, 4: 0}",0
933,False,"{'a': 0.001, 'e': 0.3933718229580221}",20,10,-46.4638090579417,"{0: 7, 1: 0, 2: 2, 3: 0, 4: 1}",1
934,False,"{'a': 0.001, 'e': 0.39297864775542996}",20,10,20.42026736322967,"{0: 10, 1: 0, 2: 0, 3: 0, 4: 0}",1
935,False,"{'a': 0.001, 'e': 0.39258586553151836}",20,8,20.284076605586204,"{0: 12, 1: 0, 2: 0, 3: 0, 4: 0}",1
936,False,"{'a': 0.001, 'e': 0.39219347589350495}",25,13,24.925089796780448,"{0: 12, 1: 0, 2: 0, 3: 0, 4: 0}",1
937,False,"{'a': 0.001, 'e': 0.39180147844900015}",20,16,8.268567307790455,"{0: 4, 1: 0, 2: 0, 3: 0, 4: 0}",1
938,False,"{'a': 0.001, 'e': 0.3914098728060065}",25,8,-23.25736237467708,"{0: 15, 1: 1, 2: 0, 3: 0, 4: 1}",1
939,False,"{'a': 0.001, 'e': 0.3910186585729182}",20,13,0.12795102751601184,"{0: 6, 1: 0, 2: 1, 3: 0, 4: 0}",1
940,False,"{'a': 0.001, 'e': 0.3906278353585211}",20,6,14.670278055887803,"{0: 13, 1: 0, 2: 1, 3: 0, 4: 0}",1
941,False,"{'a': 0.001, 'e': 0.39023740277199187}",20,14,-6.369245632528814,"{0: 4, 1: 1, 2: 1, 3: 0, 4: 0}",1
942,False,"{'a': 0.001, 'e': 0.38984736042289797}",20,4,-40.799734231596894,"{0: 10, 1: 2, 2: 3, 3: 1, 4: 0}",1
943,False,"{'a': 0.001, 'e': 0.38945770792119694}",20,3,-36.24372080637171,"{0: 12, 1: 1, 2: 3, 3: 1, 4: 0}",1
944,False,"{'a': 0.001, 'e': 0.3890684448772363}",25,15,1.2563388097971213,"{0: 8, 1: 1, 2: 1, 3: 0, 4: 0}",1
945,False,"{'a': 0.001, 'e': 0.388679570901753}",25,6,-12.671029191472147,"{0: 16, 1: 0, 2: 2, 3: 1, 4: 0}",1
946,False,"{'a': 0.001, 'e': 0.38829108560587294}",25,0,-96.33210662740255,"{0: 18, 1: 3, 2: 2, 3: 0, 4: 2}",0
947,False,"{'a': 0.001, 'e': 0.3879029886011109}",20,7,19.8677609996216,"{0: 13, 1: 0, 2: 0, 3: 0, 4: 0}",1
948,False,"{'a': 0.001, 'e': 0.3875152794993697}",20,0,-32.517185934316714,"{0: 15, 1: 1, 2: 3, 3: 1, 4: 0}",0
949,False,"{'a': 0.001, 'e': 0.38712795791294036}",35,0,27.529694580039127,"{0: 34, 1: 0, 2: 0, 3: 1, 4: 0}",0
950,False,"{'a': 0.001, 'e': 0.3867410234545012}",25,14,7.906903666789134,"{0: 10, 1: 0, 2: 1, 3: 0, 4: 0}",1
951,False,"{'a': 0.001, 'e': 0.3863544757371177}",20,16,6.9079548436889,"{0: 4, 1: 0, 2: 0, 3: 0, 4: 0}",1
952,False,"{'a': 0.001, 'e': 0.3859683143742421}",25,0,0.31147766674803057,"{0: 21, 1: 2, 2: 2, 3: 0, 4: 0}",0
953,False,"{'a': 0.001, 'e': 0.38558253897971306}",25,6,19.00255346474658,"{0: 18, 1: 1, 2: 0, 3: 0, 4: 0}",1
954,False,"{'a': 0.001, 'e': 0.38519714916775516}",25,3,-15.532456911404815,"{0: 18, 1: 1, 2: 2, 3: 1, 4: 0}",1
955,False,"{'a': 0.001, 'e': 0.3848121445529785}",20,0,-61.74387840441284,"{0: 16, 1: 0, 2: 2, 3: 1, 4: 1}",0
956,False,"{'a': 0.001, 'e': 0.3844275247503785}",20,12,-6.137097062751692,"{0: 7, 1: 0, 2: 0, 3: 1, 4: 0}",1
957,False,"{'a': 0.001, 'e': 0.3840432893753353}",25,10,11.052038030156176,"{0: 14, 1: 0, 2: 1, 3: 0, 4: 0}",1
958,False,"{'a': 0.001, 'e': 0.38365943804361335}",25,9,-37.21554463763901,"{0: 13, 1: 0, 2: 2, 3: 0, 4: 1}",1
959,False,"{'a': 0.001, 'e': 0.3832759703713615}",20,8,-34.29233103602389,"{0: 10, 1: 0, 2: 1, 3: 0, 4: 1}",1
960,False,"{'a': 0.001, 'e': 0.38289288597511206}",30,16,-2.0673986607407215,"{0: 12, 1: 0, 2: 2, 3: 0, 4: 0}",1
961,False,"{'a': 0.001, 'e': 0.38251018447178037}",20,3,9.496607878623424,"{0: 15, 1: 1, 2: 1, 3: 0, 4: 0}",1
962,False,"{'a': 0.001, 'e': 0.38212786547866506}",20,1,18.926307651629706,"{0: 18, 1: 0, 2: 1, 3: 0, 4: 0}",1
963,False,"{'a': 0.001, 'e': 0.3817459286134471}",25,11,-44.20437483813179,"{0: 11, 1: 0, 2: 2, 3: 0, 4: 1}",1
964,False,"{'a': 0.001, 'e': 0.38136437349418956}",20,12,4.088133686716873,"{0: 7, 1: 0, 2: 1, 3: 0, 4: 0}",1
965,False,"{'a': 0.001, 'e': 0.38098319973933725}",25,10,20.37092524828602,"{0: 14, 1: 1, 2: 0, 3: 0, 4: 0}",1
966,False,"{'a': 0.001, 'e': 0.38060240696771647}",20,0,-19.1818362548205,"{0: 15, 1: 1, 2: 4, 3: 0, 4: 0}",0
967,False,"{'a': 0.001, 'e': 0.38022199479853436}",25,16,-4.9059770289940605,"{0: 7, 1: 1, 2: 1, 3: 0, 4: 0}",1
968,False,"{'a': 0.001, 'e': 0.3798419628513787}",20,2,-63.73548512869481,"{0: 13, 1: 0, 2: 4, 3: 0, 4: 1}",1
969,False,"{'a': 0.001, 'e': 0.37946231074621756}",20,12,13.099260249027449,"{0: 8, 1: 0, 2: 0, 3: 0, 4: 0}",1
970,False,"{'a': 0.001, 'e': 0.37908303810339883}",25,11,4.148715673911751,"{0: 12, 1: 1, 2: 1, 3: 0, 4: 0}",1
971,False,"{'a': 0.001, 'e': 0.37870414454364976}",20,7,-9.641786370965969,"{0: 10, 1: 1, 2: 2, 3: 0, 4: 0}",1
972,False,"{'a': 0.001, 'e': 0.3783256296880768}",20,10,14.252064430405948,"{0: 10, 1: 0, 2: 0, 3: 0, 4: 0}",1
973,False,"{'a': 0.001, 'e': 0.37794749315816506}",25,0,-8.017845968082536,"{0: 21, 1: 1, 2: 3, 3: 0, 4: 0}",0
974,False,"{'a': 0.001, 'e': 0.37756973457577797}",20,0,17.474280503941888,"{0: 18, 1: 2, 2: 0, 3: 0, 4: 0}",0
975,False,"{'a': 0.001, 'e': 0.37719235356315695}",25,17,3.1396138365950472,"{0: 7, 1: 0, 2: 1, 3: 0, 4: 0}",1
976,False,"{'a': 0.001, 'e': 0.37681534974292086}",20,12,-34.44828600123373,"{0: 6, 1: 1, 2: 0, 3: 0, 4: 1}",1
977,False,"{'a': 0.001, 'e': 0.37643872273806595}",30,22,1.686339871559233,"{0: 6, 1: 2, 2: 0, 3: 0, 4: 0}",1
978,False,"{'a': 0.001, 'e': 0.37606247217196515}",25,16,10.425029738299529,"{0: 8, 1: 1, 2: 0, 3: 0, 4: 0}",1
979,False,"{'a': 0.001, 'e': 0.37568659766836787}",20,3,1.6764126064717506,"{0: 14, 1: 2, 2: 1, 3: 0, 4: 0}",1
980,False,"{'a': 0.001, 'e': 0.37531109885139957}",30,0,-22.87408770975539,"{0: 25, 1: 3, 2: 1, 3: 0, 4: 1}",0
981,False,"{'a': 0.001, 'e': 0.37493597534556133}",20,8,-4.3838319828038665,"{0: 11, 1: 0, 2: 0, 3: 1, 4: 0}",1
982,False,"{'a': 0.001, 'e': 0.3745612267757298}",20,16,7.395250786538683,"{0: 4, 1: 0, 2: 0, 3: 0, 4: 0}",1
983,False,"{'a': 0.001, 'e': 0.37418685276715613}",20,3,-48.5982224445099,"{0: 12, 1: 2, 2: 2, 3: 0, 4: 1}",1
984,False,"{'a': 0.001, 'e': 0.3738128529454665}",20,10,5.646186673765223,"{0: 9, 1: 0, 2: 1, 3: 0, 4: 0}",1
985,False,"{'a': 0.001, 'e': 0.37343922693666093}",25,13,-84.08193979552318,"{0: 5, 1: 1, 2: 3, 3: 3, 4: 0}",1
986,False,"{'a': 0.001, 'e': 0.3730659743671134}",30,13,-18.185423810587256,"{0: 13, 1: 0, 2: 4, 3: 0, 4: 0}",1
987,False,"{'a': 0.001, 'e': 0.3726930948635714}",20,14,-11.234038191459517,"{0: 4, 1: 0, 2: 2, 3: 0, 4: 0}",1
988,False,"{'a': 0.001, 'e': 0.3723205880531552}",30,19,-33.77992538076707,"{0: 9, 1: 0, 2: 1, 3: 0, 4: 1}",1
989,False,"{'a': 0.001, 'e': 0.3719484535633582}",25,16,16.846460592447563,"{0: 9, 1: 0, 2: 0, 3: 0, 4: 0}",1
990,False,"{'a': 0.001, 'e': 0.3715766910220457}",25,20,10.936976293834693,"{0: 5, 1: 0, 2: 0, 3: 0, 4: 0}",1
991,False,"{'a': 0.001, 'e': 0.37120530005745517}",25,15,4.250737931616334,"{0: 8, 1: 2, 2: 0, 3: 0, 4: 0}",1
992,False,"{'a': 0.001, 'e': 0.37083428029819565}",20,13,13.403435204078477,"{0: 7, 1: 0, 2: 0, 3: 0, 4: 0}",1
993,False,"{'a': 0.001, 'e': 0.37046363137324734}",20,13,6.77074429597163,"{0: 6, 1: 1, 2: 0, 3: 0, 4: 0}",1
994,False,"{'a': 0.001, 'e': 0.37009335291196127}",20,0,-37.19857270307728,"{0: 16, 1: 2, 2: 1, 3: 0, 4: 1}",0
995,False,"{'a': 0.001, 'e': 0.369723444544059}",20,13,0.4289444665565951,"{0: 6, 1: 0, 2: 1, 3: 0, 4: 0}",1
996,False,"{'a': 0.001, 'e': 0.369353905899632}",20,0,-58.883245681545425,"{0: 14, 1: 2, 2: 3, 3: 0, 4: 1}",0
997,False,"{'a': 0.001, 'e': 0.3689847366091418}",25,13,-16.93780861228581,"{0: 8, 1: 1, 2: 3, 3: 0, 4: 0}",1
998,False,"{'a': 0.001, 'e': 0.3686159363034188}",20,11,10.68782778579111,"{0: 8, 1: 1, 2: 0, 3: 0, 4: 0}",1
999,False,"{'a': 0.001, 'e': 0.3682475046136629}",30,19,0.4313042374977232,"{0: 10, 1: 0, 2: 0, 3: 1, 4: 0}",1
1000,False,"{'a': 0.001, 'e': 0.36787944117144233}",30,8,-0.3026602657956481,"{0: 18, 1: 1, 2: 3, 3: 0, 4: 0}",1
1001,False,"{'a': 0.001, 'e': 0.3675117456086935}",25,14,-29.203665968032084,"{0: 7, 1: 0, 2: 4, 3: 0, 4: 0}",1
1002,False,"{'a': 0.001, 'e': 0.36714441755772104}",20,8,6.257077547613073,"{0: 10, 1: 2, 2: 0, 3: 0, 4: 0}",1
1003,False,"{'a': 0.001, 'e': 0.3667774566511966}",30,18,10.400304832744089,"{0: 11, 1: 0, 2: 1, 3: 0, 4: 0}",1
1004,False,"{'a': 0.001, 'e': 0.3664108625221595}",25,13,23.952969105106362,"{0: 12, 1: 0, 2: 0, 3: 0, 4: 0}",1
1005,False,"{'a': 0.001, 'e': 0.36604463480401533}",20,9,8.50667977465357,"{0: 10, 1: 0, 2: 1, 3: 0, 4: 0}",1
1006,False,"{'a': 0.001, 'e': 0.36567877313053654}",25,11,27.008191627544022,"{0: 14, 1: 0, 2: 0, 3: 0, 4: 0}",1
1007,False,"{'a': 0.001, 'e': 0.3653132771358613}",25,6,-51.366532831564186,"{0: 16, 1: 0, 2: 0, 3: 2, 4: 1}",1
1008,False,"{'a': 0.001, 'e': 0.36494814645449375}",20,13,14.026424955579845,"{0: 7, 1: 0, 2: 0, 3: 0, 4: 0}",1
1009,False,"{'a': 0.001, 'e': 0.3645833807213029}",20,10,17.320667702802844,"{0: 10, 1: 0, 2: 0, 3: 0, 4: 0}",1
1010,False,"{'a': 0.001, 'e': 0.3642189795715233}",20,0,-105.14771610006395,"{0: 14, 1: 1, 2: 2, 3: 1, 4: 2}",1
1011,False,"{'a': 0.001, 'e': 0.3638549426407535}",20,0,-3.6800151028872135,"{0: 18, 1: 0, 2: 1, 3: 1, 4: 0}",1
1012,False,"{'a': 0.001, 'e': 0.3634912695649568}",20,13,10.01367500733631,"{0: 7, 1: 0, 2: 0, 3: 0, 4: 0}",1
1013,False,"{'a': 0.001, 'e': 0.3631279599804599}",25,5,-26.543478844853265,"{0: 17, 1: 0, 2: 2, 3: 0, 4: 1}",1
1014,False,"{'a': 0.001, 'e': 0.36276501352395324}",25,5,24.994167130057914,"{0: 19, 1: 1, 2: 0, 3: 0, 4: 0}",1
1015,False,"{'a': 0.001, 'e': 0.36240242983249027}",20,0,-69.22593971488527,"{0: 16, 1: 0, 2: 1, 3: 2, 4: 1}",0
1016,False,"{'a': 0.001, 'e': 0.36204020854348745}",30,14,-21.196060064803756,"{0: 12, 1: 2, 2: 1, 3: 1, 4: 0}",1
1017,False,"{'a': 0.001, 'e': 0.36167834929472326}",25,13,-15.194512338449135,"{0: 9, 1: 0, 2: 3, 3: 0, 4: 0}",1
1018,False,"{'a': 0.001, 'e': 0.36131685172433853}",30,22,13.24458953743325,"{0: 8, 1: 0, 2: 0, 3: 0, 4: 0}",1
1019,False,"{'a': 0.001, 'e': 0.3609557154708356}",25,11,28.897404596221595,"{0: 14, 1: 0, 2: 0, 3: 0, 4: 0}",1
1020,False,"{'a': 0.001, 'e': 0.3605949401730783}",35,12,-34.910059895017255,"{0: 18, 1: 2, 2: 2, 3: 0, 4: 1}",1
1021,False,"{'a': 0.001, 'e': 0.3602345254702911}",25,14,6.379140075416318,"{0: 10, 1: 0, 2: 1, 3: 0, 4: 0}",1
1022,False,"{'a': 0.001, 'e': 0.35987447100205955}",20,11,15.57942259553179,"{0: 9, 1: 0, 2: 0, 3: 0, 4: 0}",1
1023,False,"{'a': 0.001, 'e': 0.35951477640832885}",20,2,27.817453098656653,"{0: 18, 1: 0, 2: 0, 3: 0, 4: 0}",1
1024,False,"{'a': 0.001, 'e': 0.3591554413294046}",25,8,-7.047573838113983,"{0: 14, 1: 0, 2: 3, 3: 0, 4: 0}",1
1025,False,"{'a': 0.001, 'e': 0.3587964654059516}",25,5,16.47484494991265,"{0: 18, 1: 1, 2: 1, 3: 0, 4: 0}",1
1026,False,"{'a': 0.001, 'e': 0.3584378482789939}",20,3,-74.07325724160825,"{0: 13, 1: 1, 2: 1, 3: 0, 4: 2}",1
1027,False,"{'a': 0.001, 'e': 0.35807958958991437}",20,13,14.005931139359106,"{0: 7, 1: 0, 2: 0, 3: 0, 4: 0}",1
1028,False,"{'a': 0.001, 'e': 0.3577216889804542}",20,0,-0.5628868831527911,"{0: 18, 1: 1, 2: 0, 3: 1, 4: 0}",0
1029,False,"{'a': 0.001, 'e': 0.3573641460927129}",35,15,-35.23338227183071,"{0: 16, 1: 2, 2: 1, 3: 0, 4: 1}",1
1030,False,"{'a': 0.001, 'e': 0.3570069605691474}",30,16,-26.392861795053456,"{0: 12, 1: 0, 2: 1, 3: 0, 4: 1}",1
1031,False,"{'a': 0.001, 'e': 0.35665013205257223}",30,10,27.20738509884352,"{0: 19, 1: 0, 2: 1, 3: 0, 4: 0}",1
1032,False,"{'a': 0.001, 'e': 0.3562936601861588}",30,15,-24.256231462723512,"{0: 11, 1: 1, 2: 2, 3: 1, 4: 0}",1
1033,False,"{'a': 0.001, 'e': 0.35593754461343535}",20,15,2.036769538292239,"{0: 4, 1: 1, 2: 0, 3: 0, 4: 0}",1
1034,False,"{'a': 0.001, 'e': 0.35558178497828613}",20,11,16.739446965957747,"{0: 9, 1: 0, 2: 0, 3: 0, 4: 0}",1
1035,False,"{'a': 0.001, 'e': 0.3552263809249515}",20,0,-50.87969959474027,"{0: 16, 1: 1, 2: 1, 3: 1, 4: 1}",0
1036,False,"{'a': 0.001, 'e': 0.3548713320980274}",25,14,2.4424720736826204,"{0: 9, 1: 1, 2: 1, 3: 0, 4: 0}",1
1037,False,"{'a': 0.001, 'e': 0.35451663814246503}",20,10,-27.393771863142042,"{0: 9, 1: 0, 2: 0, 3: 0, 4: 1}",1
1038,False,"{'a': 0.001, 'e': 0.35416229870357024}",20,7,-0.20880061921333448,"{0: 12, 1: 0, 2: 0, 3: 1, 4: 0}",1
1039,False,"{'a': 0.001, 'e': 0.35380831342700375}",20,0,-100.40221309308755,"{0: 15, 1: 2, 2: 0, 3: 0, 4: 3}",0
1040,False,"{'a': 0.001, 'e': 0.35345468195878016}",25,11,3.6217766612907427,"{0: 12, 1: 1, 2: 1, 3: 0, 4: 0}",1
1041,False,"{'a': 0.001, 'e': 0.353101403945268}",20,15,10.56393357869055,"{0: 5, 1: 0, 2: 0, 3: 0, 4: 0}",1
1042,False,"{'a': 0.001, 'e': 0.3527484790331891}",30,19,-15.196468064590903,"{0: 8, 1: 0, 2: 3, 3: 0, 4: 0}",1
1043,False,"{'a': 0.001, 'e': 0.35239590686961875}",20,14,14.843586991710447,"{0: 6, 1: 0, 2: 0, 3: 0, 4: 0}",1
1044,False,"{'a': 0.001, 'e': 0.3520436871019846}",35,0,13.226926758028213,"{0: 30, 1: 4, 2: 1, 3: 0, 4: 0}",0
1045,False,"{'a': 0.001, 'e': 0.3516918193780669}",35,15,-27.386667800103915,"{0: 17, 1: 1, 2: 1, 3: 0, 4: 1}",1
1046,False,"{'a': 0.001, 'e': 0.3513403033459978}",20,13,1.732434076345826,"{0: 6, 1: 0, 2: 1, 3: 0, 4: 0}",1
1047,False,"{'a': 0.001, 'e': 0.35098913865426146}",30,20,-26.128858558320946,"{0: 9, 1: 0, 2: 0, 3: 0, 4: 1}",1
1048,False,"{'a': 0.001, 'e': 0.35063832495169295}",25,15,20.00950019910903,"{0: 10, 1: 0, 2: 0, 3: 0, 4: 0}",1
1049,False,"{'a': 0.001, 'e': 0.3502878618874786}",30,20,18.469408291179,"{0: 10, 1: 0, 2: 0, 3: 0, 4: 0}",1
1050,False,"{'a': 0.001, 'e': 0.3499377491111553}",20,7,-5.867781283872585,"{0: 12, 1: 0, 2: 0, 3: 1, 4: 0}",1
1051,False,"{'a': 0.001, 'e': 0.3495879862726104}",20,4,-10.696259330901572,"{0: 13, 1: 0, 2: 2, 3: 1, 4: 0}",1
1052,False,"{'a': 0.001, 'e': 0.3492385730220808}",20,11,-12.905620730473789,"{0: 6, 1: 1, 2: 2, 3: 0, 4: 0}",1
1053,False,"{'a': 0.001, 'e': 0.34888950901015336}",30,17,-34.16270708062163,"{0: 11, 1: 0, 2: 1, 3: 0, 4: 1}",1
1054,False,"{'a': 0.001, 'e': 0.348540793887764}",30,16,-15.240530837780808,"{0: 11, 1: 1, 2: 1, 3: 1, 4: 0}",1
1055,False,"{'a': 0.001, 'e': 0.3481924273061976}",20,8,12.54518629882664,"{0: 11, 1: 0, 2: 1, 3: 0, 4: 0}",1
1056,False,"{'a': 0.001, 'e': 0.3478444089170874}",25,1,-44.12907461560455,"{0: 19, 1: 2, 2: 2, 3: 0, 4: 1}",1
1057,False,"{'a': 0.001, 'e': 0.34749673837241524}",20,3,20.93539100443661,"{0: 16, 1: 1, 2: 0, 3: 0, 4: 0}",1
1058,False,"{'a': 0.001, 'e': 0.3471494153245103}",20,8,-2.91326199773851,"{0: 11, 1: 0, 2: 0, 3: 1, 4: 0}",1
1059,False,"{'a': 0.001, 'e': 0.34680243942604977}",20,10,-2.011808239550898,"{0: 8, 1: 1, 2: 1, 3: 0, 4: 0}",1
1060,False,"{'a': 0.001, 'e': 0.3464558103300574}",25,19,-31.09510735214416,"{0: 5, 1: 0, 2: 0, 3: 0, 4: 1}",1
1061,False,"{'a': 0.001, 'e': 0.3461095276899044}",25,20,9.385298874702094,"{0: 5, 1: 0, 2: 0, 3: 0, 4: 0}",1
1062,False,"{'a': 0.001, 'e': 0.34576359115930777}",30,12,5.314656161471015,"{0: 16, 1: 0, 2: 2, 3: 0, 4: 0}",1
1063,False,"{'a': 0.001, 'e': 0.3454180003923312}",30,18,1.7125773002505325,"{0: 10, 1: 1, 2: 1, 3: 0, 4: 0}",1
1064,False,"{'a': 0.001, 'e': 0.34507275504338375}",25,8,20.859730487537792,"{0: 16, 1: 0, 2: 1, 3: 0, 4: 0}",1
1065,False,"{'a': 0.001, 'e': 0.3447278547672202}",20,6,-14.198851849887793,"{0: 10, 1: 2, 2: 2, 3: 0, 4: 0}",1
1066,False,"{'a': 0.001, 'e': 0.34438329921894}",20,6,-14.969529856852562,"{0: 11, 1: 0, 2: 3, 3: 0, 4: 0}",1
1067,False,"{'a': 0.001, 'e': 0.34403908805398786}",20,0,-36.774179874799714,"{0: 17, 1: 0, 2: 2, 3: 0, 4: 1}",0
1068,False,"{'a': 0.001, 'e': 0.34369522092815236}",35,21,-31.035567599992653,"{0: 10, 1: 0, 2: 3, 3: 1, 4: 0}",1
1069,False,"{'a': 0.001, 'e': 0.3433516974975665}",20,10,-11.451858117350834,"{0: 8, 1: 1, 2: 0, 3: 1, 4: 0}",1
1070,False,"{'a': 0.001, 'e': 0.34300851741870664}",35,0,-78.42491960495923,"{0: 31, 1: 1, 2: 0, 3: 0, 4: 3}",0
1071,False,"{'a': 0.001, 'e': 0.3426656803483929}",25,9,-5.591410124950501,"{0: 14, 1: 0, 2: 1, 3: 1, 4: 0}",1
1072,False,"{'a': 0.001, 'e': 0.34232318594378797}",25,6,9.312628274866867,"{0: 17, 1: 0, 2: 2, 3: 0, 4: 0}",1
1073,False,"{'a': 0.001, 'e': 0.3419810338623976}",20,4,7.4300824992179715,"{0: 14, 1: 1, 2: 1, 3: 0, 4: 0}",1
1074,False,"{'a': 0.001, 'e': 0.34163922376206945}",20,9,-48.42716214238507,"{0: 8, 1: 0, 2: 2, 3: 0, 4: 1}",1
1075,False,"{'a': 0.001, 'e': 0.3412977553009937}",20,16,8.451956173351611,"{0: 4, 1: 0, 2: 0, 3: 0, 4: 0}",1
1076,False,"{'a': 0.001, 'e': 0.34095662813770156}",30,9,-58.86829345376819,"{0: 18, 1: 0, 2: 1, 3: 0, 4: 2}",1
1077,False,"{'a': 0.001, 'e': 0.3406158419310661}",30,0,30.784354718646973,"{0: 29, 1: 0, 2: 1, 3: 0, 4: 0}",1
1078,False,"{'a': 0.001, 'e': 0.3402753963403008}",20,14,10.055812272549717,"{0: 6, 1: 0, 2: 0, 3: 0, 4: 0}",1
1079,False,"{'a': 0.001, 'e': 0.33993529102496034}",25,19,9.929484977021568,"{0: 6, 1: 0, 2: 0, 3: 0, 4: 0}",1
1080,False,"{'a': 0.001, 'e': 0.3395955256449391}",20,1,-2.8032105888319006,"{0: 16, 1: 0, 2: 3, 3: 0, 4: 0}",1
1081,False,"{'a': 0.001, 'e': 0.33925609986047195}",25,15,8.550951956095435,"{0: 9, 1: 0, 2: 1, 3: 0, 4: 0}",1
1082,False,"{'a': 0.001, 'e': 0.3389170133321328}",30,0,-54.72374193073033,"{0: 23, 1: 2, 2: 4, 3: 0, 4: 1}",0
1083,False,"{'a': 0.001, 'e': 0.3385782657208353}",25,7,7.690440789396286,"{0: 17, 1: 0, 2: 0, 3: 1, 4: 0}",1
1084,False,"{'a': 0.001, 'e': 0.3382398566878317}",25,10,19.831142572249632,"{0: 14, 1: 1, 2: 0, 3: 0, 4: 0}",1
1085,False,"{'a': 0.001, 'e': 0.33790178589471304}",25,7,-51.662180614132325,"{0: 14, 1: 1, 2: 1, 3: 1, 4: 1}",1
1086,False,"{'a': 0.001, 'e': 0.33756405300340836}",30,15,-1.2185445094151683,"{0: 12, 1: 1, 2: 2, 3: 0, 4: 0}",1
1087,False,"{'a': 0.001, 'e': 0.33722665767618487}",20,0,-57.89797867220359,"{0: 17, 1: 1, 2: 0, 3: 0, 4: 2}",0
1088,False,"{'a': 0.001, 'e': 0.33688959957564707}",25,0,31.487744229847486,"{0: 24, 1: 1, 2: 0, 3: 0, 4: 0}",0
1089,False,"{'a': 0.001, 'e': 0.336552878364737}",25,5,-33.46811564755309,"{0: 17, 1: 0, 2: 2, 3: 0, 4: 1}",1
1090,False,"{'a': 0.001, 'e': 0.3362164937067333}",20,11,3.472433986130415,"{0: 7, 1: 2, 2: 0, 3: 0, 4: 0}",1
1091,False,"{'a': 0.001, 'e': 0.3358804452652514}",25,12,-3.0744111765525597,"{0: 10, 1: 1, 2: 2, 3: 0, 4: 0}",1
1092,False,"{'a': 0.001, 'e': 0.3355447327042427}",25,17,3.092170355037462,"{0: 7, 1: 0, 2: 1, 3: 0, 4: 0}",1
1093,False,"{'a': 0.001, 'e': 0.33520935568799465}",30,20,-3.506121276159571,"{0: 8, 1: 0, 2: 2, 3: 0, 4: 0}",1
1094,False,"{'a': 0.001, 'e': 0.3348743138811302}",20,0,-47.53324978887034,"{0: 16, 1: 1, 2: 1, 3: 1, 4: 1}",0
1095,False,"{'a': 0.001, 'e': 0.3345396069486076}",35,24,8.173560492160838,"{0: 10, 1: 0, 2: 1, 3: 0, 4: 0}",1
1096,False,"{'a': 0.001, 'e': 0.33420523455571977}",20,0,-8.196166664728402,"{0: 16, 1: 1, 2: 3, 3: 0, 4: 0}",0
1097,False,"{'a': 0.001, 'e': 0.3338711963680944}",30,3,-45.271882560760055,"{0: 23, 1: 0, 2: 2, 3: 1, 4: 1}",1
1098,False,"{'a': 0.001, 'e': 0.3335374920516932}",25,0,-5.174358544314011,"{0: 21, 1: 1, 2: 3, 3: 0, 4: 0}",0
1099,False,"{'a': 0.001, 'e': 0.33320412127281185}",20,0,22.397069978559948,"{0: 19, 1: 1, 2: 0, 3: 0, 4: 0}",0
1100,False,"{'a': 0.001, 'e': 0.33287108369807955}",25,0,-33.51093795025722,"{0: 21, 1: 1, 2: 2, 3: 0, 4: 1}",0
1101,False,"{'a': 0.001, 'e': 0.3325383789944587}",25,6,6.60757767941733,"{0: 17, 1: 0, 2: 2, 3: 0, 4: 0}",1
1102,False,"{'a': 0.001, 'e': 0.33220600682924445}",35,7,14.77952967133286,"{0: 24, 1: 3, 2: 1, 3: 0, 4: 0}",1
1103,False,"{'a': 0.001, 'e': 0.3318739668700649}",20,12,-20.16182572846592,"{0: 6, 1: 0, 2: 1, 3: 1, 4: 0}",1
1104,False,"{'a': 0.001, 'e': 0.3315422587848797}",20,10,-18.962483673125277,"{0: 9, 1: 0, 2: 0, 3: 0, 4: 1}",1
1105,False,"{'a': 0.001, 'e': 0.331210882241981}",20,13,5.667921955884311,"{0: 6, 1: 1, 2: 0, 3: 0, 4: 0}",1
1106,False,"{'a': 0.001, 'e': 0.33087983690999206}",25,9,8.515984103088206,"{0: 14, 1: 1, 2: 1, 3: 0, 4: 0}",1
1107,False,"{'a': 0.001, 'e': 0.3305491224578677}",25,18,-4.715233364527348,"{0: 5, 1: 1, 2: 1, 3: 0, 4: 0}",1
1108,False,"{'a': 0.001, 'e': 0.3302187385548933}",30,13,13.194356540178646,"{0: 15, 1: 0, 2: 2, 3: 0, 4: 0}",1
1109,False,"{'a': 0.001, 'e': 0.329888684870685}",20,3,5.301013256816151,"{0: 15, 1: 0, 2: 2, 3: 0, 4: 0}",1
1110,False,"{'a': 0.001, 'e': 0.32955896107518906}",25,13,8.867110695228254,"{0: 11, 1: 0, 2: 1, 3: 0, 4: 0}",1
1111,False,"{'a': 0.001, 'e': 0.32922956683868165}",25,16,5.256563837940076,"{0: 8, 1: 0, 2: 1, 3: 0, 4: 0}",1
1112,False,"{'a': 0.001, 'e': 0.3289005018317685}",20,10,-7.802268270122161,"{0: 8, 1: 0, 2: 2, 3: 0, 4: 0}",1
1113,False,"{'a': 0.001, 'e': 0.3285717657253846}",25,15,17.354247591901665,"{0: 10, 1: 0, 2: 0, 3: 0, 4: 0}",1
1114,False,"{'a': 0.001, 'e': 0.32824335819079375}",20,14,10.799659545819784,"{0: 6, 1: 0, 2: 0, 3: 0, 4: 0}",1
1115,False,"{'a': 0.001, 'e': 0.32791527889958855}",25,16,13.463538350991385,"{0: 9, 1: 0, 2: 0, 3: 0, 4: 0}",1
1116,False,"{'a': 0.001, 'e': 0.3275875275236895}",30,0,-118.46402742449249,"{0: 24, 1: 0, 2: 3, 3: 0, 4: 3}",0
1117,False,"{'a': 0.001, 'e': 0.3272601037353453}",20,10,-11.497705612304555,"{0: 8, 1: 1, 2: 0, 3: 1, 4: 0}",1
1118,False,"{'a': 0.001, 'e': 0.3269330072071321}",30,0,-31.892267929754684,"{0: 26, 1: 1, 2: 2, 3: 0, 4: 1}",0
1119,False,"{'a': 0.001, 'e': 0.3266062376119534}",20,6,-37.09644716709221,"{0: 10, 1: 0, 2: 3, 3: 1, 4: 0}",1
1120,False,"{'a': 0.001, 'e': 0.32627979462303947}",20,6,11.33660454223818,"{0: 13, 1: 0, 2: 1, 3: 0, 4: 0}",1
1121,False,"{'a': 0.001, 'e': 0.32595367791394736}",25,3,17.86951301654001,"{0: 20, 1: 1, 2: 1, 3: 0, 4: 0}",1
1122,False,"{'a': 0.001, 'e': 0.32562788715856034}",20,2,8.6253364259457,"{0: 17, 1: 0, 2: 0, 3: 1, 4: 0}",1
1123,False,"{'a': 0.001, 'e': 0.3253024220310876}",25,15,15.470070065340469,"{0: 10, 1: 0, 2: 0, 3: 0, 4: 0}",1
1124,False,"{'a': 0.001, 'e': 0.324977282206064}",20,0,-30.05474441845767,"{0: 17, 1: 1, 2: 1, 3: 0, 4: 1}",0
1125,False,"{'a': 0.001, 'e': 0.32465246735834974}",20,0,-69.69226787430419,"{0: 14, 1: 0, 2: 5, 3: 0, 4: 1}",0
1126,False,"{'a': 0.001, 'e': 0.3243279771631298}",20,0,18.897375798226467,"{0: 19, 1: 0, 2: 1, 3: 0, 4: 0}",0
1127,False,"{'a': 0.001, 'e': 0.32400381129591416}",25,4,-29.22495168732115,"{0: 18, 1: 0, 2: 2, 3: 0, 4: 1}",1
1128,False,"{'a': 0.001, 'e': 0.3236799694325367}",25,0,9.718483698272369,"{0: 23, 1: 0, 2: 2, 3: 0, 4: 0}",0
1129,False,"{'a': 0.001, 'e': 0.32335645124915574}",35,19,-40.058380847424765,"{0: 13, 1: 1, 2: 0, 3: 1, 4: 1}",1
1130,False,"{'a': 0.001, 'e': 0.3230332564222529}",20,9,-41.89846414423906,"{0: 8, 1: 1, 2: 1, 3: 0, 4: 1}",1
1131,False,"{'a': 0.001, 'e': 0.3227103846286335}",25,9,-4.070377052382794,"{0: 12, 1: 3, 2: 1, 3: 0, 4: 0}",1
1132,False,"{'a': 0.001, 'e': 0.3223878355454255}",25,1,-46.109666642384795,"{0: 19, 1: 1, 2: 3, 3: 0, 4: 1}",1
1133,False,"{'a': 0.001, 'e': 0.32206560885008}",25,13,-67.01868061901777,"{0: 8, 1: 0, 2: 2, 3: 1, 4: 1}",1
1134,False,"{'a': 0.001, 'e': 0.32174370422037013}",25,5,4.466574953723914,"{0: 17, 1: 1, 2: 2, 3: 0, 4: 0}",1
1135,False,"{'a': 0.001, 'e': 0.32142212133439135}",20,10,6.575681052303171,"{0: 9, 1: 0, 2: 1, 3: 0, 4: 0}",1
1136,False,"{'a': 0.001, 'e': 0.32110085987056064}",25,15,-48.55135421821176,"{0: 7, 1: 0, 2: 2, 3: 0, 4: 1}",1
1137,False,"{'a': 0.001, 'e': 0.3207799195076166}",25,15,-6.451943138101932,"{0: 8, 1: 0, 2: 2, 3: 0, 4: 0}",1
1138,False,"{'a': 0.001, 'e': 0.32045929992461875}",30,3,33.48967609341063,"{0: 26, 1: 1, 2: 0, 3: 0, 4: 0}",1
1139,False,"{'a': 0.001, 'e': 0.3201390008009476}",30,10,13.884088289229343,"{0: 18, 1: 0, 2: 2, 3: 0, 4: 0}",1
1140,False,"{'a': 0.001, 'e': 0.31981902181630384}",30,14,4.687562837649038,"{0: 15, 1: 0, 2: 0, 3: 1, 4: 0}",1
1141,False,"{'a': 0.001, 'e': 0.31949936265070866}",20,0,3.847004296122703,"{0: 17, 1: 2, 2: 1, 3: 0, 4: 0}",0
1142,False,"{'a': 0.001, 'e': 0.31918002298450265}",30,6,-55.013414017918684,"{0: 20, 1: 1, 2: 1, 3: 0, 4: 2}",1
1143,False,"{'a': 0.001, 'e': 0.3188610024983463}",20,16,5.836288793423967,"{0: 4, 1: 0, 2: 0, 3: 0, 4: 0}",1
1144,False,"{'a': 0.001, 'e': 0.31854230087321894}",20,14,-10.649109537947426,"{0: 4, 1: 1, 2: 1, 3: 0, 4: 0}",1
1145,False,"{'a': 0.001, 'e': 0.3182239177904191}",20,0,29.7618956161119,"{0: 20, 1: 0, 2: 0, 3: 0, 4: 0}",0
1146,False,"{'a': 0.001, 'e': 0.3179058529315635}",25,7,10.30541050182923,"{0: 15, 1: 3, 2: 0, 3: 0, 4: 0}",1
1147,False,"{'a': 0.001, 'e': 0.31758810597858733}",20,7,-48.94955421869553,"{0: 9, 1: 1, 2: 2, 3: 0, 4: 1}",1
1148,False,"{'a': 0.001, 'e': 0.3172706766137436}",30,17,-7.70641361484668,"{0: 10, 1: 2, 2: 0, 3: 1, 4: 0}",1
1149,False,"{'a': 0.001, 'e': 0.31695356451960294}",20,4,-14.362992058573564,"{0: 12, 1: 2, 2: 2, 3: 0, 4: 0}",1
1150,False,"{'a': 0.001, 'e': 0.31663676937905316}",30,19,11.050992998385377,"{0: 10, 1: 0, 2: 1, 3: 0, 4: 0}",1
1151,False,"{'a': 0.001, 'e': 0.3163202908752992}",25,12,0.8562515992717104,"{0: 12, 1: 0, 2: 0, 3: 1, 4: 0}",1
1152,False,"{'a': 0.001, 'e': 0.31600412869186245}",20,7,-39.36186173758339,"{0: 10, 1: 1, 2: 1, 3: 0, 4: 1}",1
1153,False,"{'a': 0.001, 'e': 0.3156882825125808}",20,10,20.80817754507337,"{0: 10, 1: 0, 2: 0, 3: 0, 4: 0}",1
1154,False,"{'a': 0.001, 'e': 0.31537275202160797}",30,11,7.715483456547047,"{0: 17, 1: 0, 2: 2, 3: 0, 4: 0}",1
1155,False,"{'a': 0.001, 'e': 0.3150575369034133}",20,16,5.6062237648535636,"{0: 4, 1: 0, 2: 0, 3: 0, 4: 0}",1
1156,False,"{'a': 0.001, 'e': 0.3147426368427819}",20,13,13.830816388479164,"{0: 7, 1: 0, 2: 0, 3: 0, 4: 0}",1
1157,False,"{'a': 0.001, 'e': 0.31442805152481357}",20,15,9.686268802642733,"{0: 5, 1: 0, 2: 0, 3: 0, 4: 0}",1
1158,False,"{'a': 0.001, 'e': 0.31411378063492296}",30,0,-9.067241717835973,"{0: 24, 1: 3, 2: 3, 3: 0, 4: 0}",0
1159,False,"{'a': 0.001, 'e': 0.3137998238588391}",25,11,1.685767675924014,"{0: 12, 1: 0, 2: 2, 3: 0, 4: 0}",1
1160,False,"{'a': 0.001, 'e': 0.3134861808826053}",25,14,12.654132899983685,"{0: 10, 1: 1, 2: 0, 3: 0, 4: 0}",1
1161,False,"{'a': 0.001, 'e': 0.3131728513925785}",25,13,11.941683962307026,"{0: 11, 1: 0, 2: 1, 3: 0, 4: 0}",1
1162,False,"{'a': 0.001, 'e': 0.3128598350754292}",20,2,-48.90790010508288,"{0: 14, 1: 0, 2: 3, 3: 0, 4: 1}",1
1163,False,"{'a': 0.001, 'e': 0.312547131618141}",25,10,8.274340917295117,"{0: 13, 1: 1, 2: 1, 3: 0, 4: 0}",1
1164,False,"{'a': 0.001, 'e': 0.31223474070801055}",25,13,8.250994157284179,"{0: 11, 1: 0, 2: 1, 3: 0, 4: 0}",1
1165,False,"{'a': 0.001, 'e': 0.31192266203264674}",25,9,-4.01606721302916,"{0: 14, 1: 0, 2: 1, 3: 1, 4: 0}",1
1166,False,"{'a': 0.001, 'e': 0.31161089527997105}",20,6,-1.260172549773986,"{0: 12, 1: 0, 2: 2, 3: 0, 4: 0}",1
1167,False,"{'a': 0.001, 'e': 0.3112994401382165}",20,16,8.156648075672159,"{0: 4, 1: 0, 2: 0, 3: 0, 4: 0}",1
1168,False,"{'a': 0.001, 'e': 0.3109882962959281}",20,2,-5.303604502202349,"{0: 15, 1: 2, 2: 0, 3: 1, 4: 0}",1
1169,False,"{'a': 0.001, 'e': 0.31067746344196184}",30,10,-24.828747753727477,"{0: 17, 1: 1, 2: 1, 3: 0, 4: 1}",1
1170,False,"{'a': 0.001, 'e': 0.31036694126548503}",20,3,29.954778141207463,"{0: 17, 1: 0, 2: 0, 3: 0, 4: 0}",1
1171,False,"{'a': 0.001, 'e': 0.31005672945597523}",20,11,20.116928394670417,"{0: 9, 1: 0, 2: 0, 3: 0, 4: 0}",1
1172,False,"{'a': 0.001, 'e': 0.3097468277032208}",25,4,-28.053437841286172,"{0: 18, 1: 0, 2: 2, 3: 0, 4: 1}",1
1173,False,"{'a': 0.001, 'e': 0.30943723569731985}",20,9,5.364386662391922,"{0: 10, 1: 0, 2: 1, 3: 0, 4: 0}",1
1174,False,"{'a': 0.001, 'e': 0.3091279531286804}",25,15,10.405306459422226,"{0: 9, 1: 0, 2: 1, 3: 0, 4: 0}",1
1175,False,"{'a': 0.001, 'e': 0.30881897968801986}",20,12,2.8474826300183347,"{0: 6, 1: 2, 2: 0, 3: 0, 4: 0}",1
1176,False,"{'a': 0.001, 'e': 0.3085103150663647}",20,4,26.37520480351957,"{0: 16, 1: 0, 2: 0, 3: 0, 4: 0}",1
1177,False,"{'a': 0.001, 'e': 0.3082019589550503}",20,5,0.9183126560963806,"{0: 12, 1: 3, 2: 0, 3: 0, 4: 0}",1
1178,False,"{'a': 0.001, 'e': 0.3078939110457206}",30,20,7.717956344415034,"{0: 9, 1: 0, 2: 1, 3: 0, 4: 0}",1
1179,False,"{'a': 0.001, 'e': 0.3075861710303276}",25,17,-0.5160332647730048,"{0: 7, 1: 0, 2: 1, 3: 0, 4: 0}",1
1180,False,"{'a': 0.001, 'e': 0.30727873860113125}",25,0,-15.3001390766708,"{0: 23, 1: 0, 2: 1, 3: 0, 4: 1}",0
1181,False,"{'a': 0.001, 'e': 0.30697161345069907}",20,6,-33.22501570516732,"{0: 11, 1: 1, 2: 1, 3: 0, 4: 1}",1
1182,False,"{'a': 0.001, 'e': 0.306664795271906}",35,24,0.3039831376571063,"{0: 9, 1: 1, 2: 1, 3: 0, 4: 0}",1
1183,False,"{'a': 0.001, 'e': 0.30635828375793367}",20,10,-33.09257306019421,"{0: 8, 1: 0, 2: 1, 3: 0, 4: 1}",1
1184,False,"{'a': 0.001, 'e': 0.3060520786022707}",25,11,-39.22610623758347,"{0: 10, 1: 2, 2: 1, 3: 0, 4: 1}",1
1185,False,"{'a': 0.001, 'e': 0.30574617949871175}",30,0,38.99597443684185,"{0: 29, 1: 1, 2: 0, 3: 0, 4: 0}",1
1186,False,"{'a': 0.001, 'e': 0.3054405861413579}",20,2,16.209340449047517,"{0: 16, 1: 2, 2: 0, 3: 0, 4: 0}",1
1187,False,"{'a': 0.001, 'e': 0.3051352982246155}",35,24,16.497698969695485,"{0: 11, 1: 0, 2: 0, 3: 0, 4: 0}",1
1188,False,"{'a': 0.001, 'e': 0.30483031544319683}",25,17,-10.58659342229997,"{0: 7, 1: 0, 2: 0, 3: 1, 4: 0}",1
1189,False,"{'a': 0.001, 'e': 0.304525637492119}",25,0,-11.30482149925968,"{0: 21, 1: 0, 2: 4, 3: 0, 4: 0}",0
1190,False,"{'a': 0.001, 'e': 0.3042212640667041}",25,14,-48.58567085639641,"{0: 8, 1: 0, 2: 2, 3: 0, 4: 1}",1
1191,False,"{'a': 0.001, 'e': 0.3039171948625785}",20,2,15.014935613195705,"{0: 17, 1: 0, 2: 1, 3: 0, 4: 0}",1
1192,False,"{'a': 0.001, 'e': 0.30361342957567317}",35,17,-6.645247057648062,"{0: 14, 1: 2, 2: 2, 3: 0, 4: 0}",1
1193,False,"{'a': 0.001, 'e': 0.30330996790222264}",20,0,30.02025414149295,"{0: 20, 1: 0, 2: 0, 3: 0, 4: 0}",0
1194,False,"{'a': 0.001, 'e': 0.3030068095387654}",30,9,-7.01636227035693,"{0: 18, 1: 1, 2: 1, 3: 1, 4: 0}",1
1195,False,"{'a': 0.001, 'e': 0.30270395418214285}",25,16,-6.796708339028226,"{0: 8, 1: 0, 2: 0, 3: 1, 4: 0}",1
1196,False,"{'a': 0.001, 'e': 0.3024014015294998}",20,11,1.6165209771003042,"{0: 8, 1: 0, 2: 1, 3: 0, 4: 0}",1
1197,False,"{'a': 0.001, 'e': 0.3020991512782834}",20,0,-18.776443232776963,"{0: 16, 1: 1, 2: 2, 3: 1, 4: 0}",0
1198,False,"{'a': 0.001, 'e': 0.3017972031262435}",25,9,-30.09426561383631,"{0: 13, 1: 1, 2: 1, 3: 0, 4: 1}",1
1199,False,"{'a': 0.001, 'e': 0.3014955567714318}",25,0,32.28808826844861,"{0: 24, 1: 1, 2: 0, 3: 0, 4: 0}",0
1200,False,"{'a': 0.001, 'e': 0.30119421191220214}",20,3,-11.238747881235296,"{0: 13, 1: 2, 2: 2, 3: 0, 4: 0}",1
1201,False,"{'a': 0.001, 'e': 0.30089316824720935}",20,0,-26.996557500123963,"{0: 17, 1: 0, 2: 1, 3: 2, 4: 0}",0
1202,False,"{'a': 0.001, 'e': 0.30059242547541}",25,19,3.2219200156036703,"{0: 5, 1: 1, 2: 0, 3: 0, 4: 0}",1
1203,False,"{'a': 0.001, 'e': 0.30029198329606105}",30,12,16.338930334254442,"{0: 17, 1: 0, 2: 1, 3: 0, 4: 0}",1
1204,False,"{'a': 0.001, 'e': 0.2999918414087205}",25,5,-25.42379994287514,"{0: 17, 1: 1, 2: 1, 3: 0, 4: 1}",1
1205,False,"{'a': 0.001, 'e': 0.2996919995132463}",25,7,4.618967283903823,"{0: 16, 1: 0, 2: 2, 3: 0, 4: 0}",1
1206,False,"{'a': 0.001, 'e': 0.2993924573097967}",20,0,14.875967395956597,"{0: 18, 1: 1, 2: 1, 3: 0, 4: 0}",0
1207,False,"{'a': 0.001, 'e': 0.29909321449882925}",20,16,7.012309294999522,"{0: 4, 1: 0, 2: 0, 3: 0, 4: 0}",1
1208,False,"{'a': 0.001, 'e': 0.29879427078110127}",25,13,-12.351217985629155,"{0: 9, 1: 0, 2: 3, 3: 0, 4: 0}",1
1209,False,"{'a': 0.001, 'e': 0.2984956258576689}",20,14,-13.247341755163138,"{0: 4, 1: 0, 2: 2, 3: 0, 4: 0}",1
1210,False,"{'a': 0.001, 'e': 0.2981972794298874}",20,3,-20.76783028195582,"{0: 12, 1: 2, 2: 3, 3: 0, 4: 0}",1
1211,False,"{'a': 0.001, 'e': 0.2978992311994101}",20,9,2.2406863434210456,"{0: 9, 1: 1, 2: 1, 3: 0, 4: 0}",1
1212,False,"{'a': 0.001, 'e': 0.29760148086818883}",35,17,-26.50334156152995,"{0: 15, 1: 0, 2: 2, 3: 0, 4: 1}",1
1213,False,"{'a': 0.001, 'e': 0.2973040281384732}",25,19,-1.1458570654329727,"{0: 5, 1: 0, 2: 1, 3: 0, 4: 0}",1
1214,False,"{'a': 0.001, 'e': 0.2970068727128105}",20,14,11.481497838505987,"{0: 6, 1: 0, 2: 0, 3: 0, 4: 0}",1
1215,False,"{'a': 0.001, 'e': 0.29671001429404525}",25,0,-10.493409539362835,"{0: 22, 1: 0, 2: 1, 3: 2, 4: 0}",0
1216,False,"{'a': 0.001, 'e': 0.2964134525853191}",25,3,-32.91462922638363,"{0: 18, 1: 1, 2: 2, 3: 0, 4: 1}",1
1217,False,"{'a': 0.001, 'e': 0.29611718729007014}",20,7,3.687316797407862,"{0: 12, 1: 0, 2: 1, 3: 0, 4: 0}",1
1218,False,"{'a': 0.001, 'e': 0.2958212181120332}",30,11,-51.65526883607676,"{0: 14, 1: 1, 2: 3, 3: 0, 4: 1}",1
1219,False,"{'a': 0.001, 'e': 0.295525544755239}",25,2,18.945350637305133,"{0: 21, 1: 1, 2: 1, 3: 0, 4: 0}",1
1220,False,"{'a': 0.001, 'e': 0.2952301669240142}",20,11,4.881444438778493,"{0: 8, 1: 0, 2: 1, 3: 0, 4: 0}",1
1221,False,"{'a': 0.001, 'e': 0.2949350843229809}",25,17,-26.43497010551534,"{0: 7, 1: 0, 2: 0, 3: 0, 4: 1}",1
1222,False,"{'a': 0.001, 'e': 0.29464029665705654}",20,15,9.654788631360722,"{0: 5, 1: 0, 2: 0, 3: 0, 4: 0}",1
1223,False,"{'a': 0.001, 'e': 0.29434580363145335}",25,0,19.14584626363651,"{0: 23, 1: 1, 2: 1, 3: 0, 4: 0}",0
1224,False,"{'a': 0.001, 'e': 0.29405160495167837}",25,10,-10.583699158308042,"{0: 11, 1: 2, 2: 2, 3: 0, 4: 0}",1
1225,False,"{'a': 0.001, 'e': 0.29375770032353277}",20,10,16.187634849237227,"{0: 10, 1: 0, 2: 0, 3: 0, 4: 0}",1
1226,False,"{'a': 0.001, 'e': 0.2934640894531121}",30,8,-37.673810032382804,"{0: 19, 1: 0, 2: 1, 3: 1, 4: 1}",1
1227,False,"{'a': 0.001, 'e': 0.2931707720468052}",20,0,15.127082670823874,"{0: 19, 1: 0, 2: 1, 3: 0, 4: 0}",0
1228,False,"{'a': 0.001, 'e': 0.2928777478112949}",20,9,4.947376273739521,"{0: 10, 1: 0, 2: 1, 3: 0, 4: 0}",1
1229,False,"{'a': 0.001, 'e': 0.29258501645355667}",25,10,-53.026959640503925,"{0: 11, 1: 1, 2: 1, 3: 1, 4: 1}",1
1230,False,"{'a': 0.001, 'e': 0.2922925776808594}",20,12,15.797680427005357,"{0: 8, 1: 0, 2: 0, 3: 0, 4: 0}",1
1231,False,"{'a': 0.001, 'e': 0.2920004312007641}",20,0,-105.06868207154935,"{0: 14, 1: 1, 2: 2, 3: 1, 4: 2}",0
1232,False,"{'a': 0.001, 'e': 0.2917085767211244}",30,17,24.731687411679125,"{0: 13, 1: 0, 2: 0, 3: 0, 4: 0}",1
1233,False,"{'a': 0.001, 'e': 0.2914170139500857}",30,8,-116.26957842698516,"{0: 17, 1: 1, 2: 0, 3: 1, 4: 3}",1
1234,False,"{'a': 0.001, 'e': 0.2911257425960852}",20,7,15.86763707993983,"{0: 12, 1: 1, 2: 0, 3: 0, 4: 0}",1
1235,False,"{'a': 0.001, 'e': 0.29083476236785155}",30,6,18.91871345002269,"{0: 22, 1: 1, 2: 1, 3: 0, 4: 0}",1
1236,False,"{'a': 0.001, 'e': 0.2905440729744046}",25,0,-67.93850881808352,"{0: 21, 1: 0, 2: 2, 3: 0, 4: 2}",0
1237,False,"{'a': 0.001, 'e': 0.2902536741250547}",20,12,-14.065672667466858,"{0: 5, 1: 1, 2: 2, 3: 0, 4: 0}",1
1238,False,"{'a': 0.001, 'e': 0.2899635655294032}",25,12,12.44135657874054,"{0: 12, 1: 0, 2: 1, 3: 0, 4: 0}",1
1239,False,"{'a': 0.001, 'e': 0.2896737468973414}",25,11,-39.19397688576537,"{0: 11, 1: 0, 2: 2, 3: 0, 4: 1}",1
1240,False,"{'a': 0.001, 'e': 0.2893842179390506}",25,15,5.180325064606089,"{0: 9, 1: 0, 2: 1, 3: 0, 4: 0}",1
1241,False,"{'a': 0.001, 'e': 0.28909497836500186}",25,6,-15.372200545902569,"{0: 17, 1: 1, 2: 0, 3: 0, 4: 1}",1
1242,False,"{'a': 0.001, 'e': 0.28880602788595566}",25,10,-28.72987959013529,"{0: 13, 1: 0, 2: 1, 3: 0, 4: 1}",1
1243,False,"{'a': 0.001, 'e': 0.2885173662129613}",20,15,3.5745563907572384,"{0: 4, 1: 1, 2: 0, 3: 0, 4: 0}",1
1244,False,"{'a': 0.001, 'e': 0.2882289930573573}",20,6,5.146005998650403,"{0: 11, 1: 3, 2: 0, 3: 0, 4: 0}",1
1245,False,"{'a': 0.001, 'e': 0.2879409081307702}",20,0,6.163400697803112,"{0: 18, 1: 0, 2: 2, 3: 0, 4: 0}",0
1246,False,"{'a': 0.001, 'e': 0.2876531111451154}",25,0,-39.64101129292615,"{0: 21, 1: 2, 2: 0, 3: 1, 4: 1}",0
1247,False,"{'a': 0.001, 'e': 0.28736560181259563}",30,15,17.37469278526787,"{0: 14, 1: 0, 2: 1, 3: 0, 4: 0}",1
1248,False,"{'a': 0.001, 'e': 0.28707837984570167}",35,21,-21.543073089700354,"{0: 11, 1: 0, 2: 2, 3: 1, 4: 0}",1
1249,False,"{'a': 0.001, 'e': 0.2867914449572114}",25,8,-9.68427253809023,"{0: 14, 1: 0, 2: 3, 3: 0, 4: 0}",1
1250,False,"{'a': 0.001, 'e': 0.2865047968601901}",30,12,-8.922142420512829,"{0: 15, 1: 1, 2: 1, 3: 1, 4: 0}",1
1251,False,"{'a': 0.001, 'e': 0.28621843526798946}",20,0,-11.983761329715868,"{0: 17, 1: 1, 2: 1, 3: 1, 4: 0}",0
1252,False,"{'a': 0.001, 'e': 0.285932359894248}",25,18,10.969986592546421,"{0: 7, 1: 0, 2: 0, 3: 0, 4: 0}",1
1253,False,"{'a': 0.001, 'e': 0.28564657045289016}",20,14,3.0551105577688773,"{0: 5, 1: 1, 2: 0, 3: 0, 4: 0}",1
1254,False,"{'a': 0.001, 'e': 0.28536106665812666}",20,14,10.339037137881023,"{0: 6, 1: 0, 2: 0, 3: 0, 4: 0}",1
1255,False,"{'a': 0.001, 'e': 0.28507584822445353}",30,7,25.354085706987863,"{0: 21, 1: 2, 2: 0, 3: 0, 4: 0}",1
1256,False,"{'a': 0.001, 'e': 0.2847909148666525}",25,14,10.428592652262111,"{0: 10, 1: 0, 2: 1, 3: 0, 4: 0}",1
1257,False,"{'a': 0.001, 'e': 0.2845062662997899}",20,12,-5.972235019943628,"{0: 7, 1: 0, 2: 0, 3: 1, 4: 0}",1
1258,False,"{'a': 0.001, 'e': 0.28422190223921745}",25,5,17.20567187028887,"{0: 19, 1: 0, 2: 1, 3: 0, 4: 0}",1
1259,False,"{'a': 0.001, 'e': 0.28393782240057086}",25,2,-91.1206789523974,"{0: 16, 1: 2, 2: 3, 3: 0, 4: 2}",1
1260,False,"{'a': 0.001, 'e': 0.2836540264997704}",25,18,6.534850060058292,"{0: 6, 1: 1, 2: 0, 3: 0, 4: 0}",1
1261,False,"{'a': 0.001, 'e': 0.28337051425301996}",20,13,11.036422376882866,"{0: 7, 1: 0, 2: 0, 3: 0, 4: 0}",1
1262,False,"{'a': 0.001, 'e': 0.2830872853768075}",25,15,18.207900081872133,"{0: 10, 1: 0, 2: 0, 3: 0, 4: 0}",1
1263,False,"{'a': 0.001, 'e': 0.2828043395879039}",20,5,-22.894127487135083,"{0: 13, 1: 1, 2: 0, 3: 0, 4: 1}",1
1264,False,"{'a': 0.001, 'e': 0.2825216766033636}",20,0,14.083358441036532,"{0: 19, 1: 0, 2: 1, 3: 0, 4: 0}",0
1265,False,"{'a': 0.001, 'e': 0.2822392961405233}",25,14,-76.55374411747125,"{0: 7, 1: 0, 2: 1, 3: 2, 4: 1}",1
1266,False,"{'a': 0.001, 'e': 0.28195719791700274}",20,13,3.6634406057467697,"{0: 6, 1: 1, 2: 0, 3: 0, 4: 0}",1
1267,False,"{'a': 0.001, 'e': 0.28167538165070355}",35,25,10.216795816024256,"{0: 9, 1: 1, 2: 0, 3: 0, 4: 0}",1
1268,False,"{'a': 0.001, 'e': 0.2813938470598095}",20,3,28.045434632011908,"{0: 17, 1: 0, 2: 0, 3: 0, 4: 0}",1
1269,False,"{'a': 0.001, 'e': 0.281112593862786}",20,16,8.259028646090044,"{0: 4, 1: 0, 2: 0, 3: 0, 4: 0}",1
1270,False,"{'a': 0.001, 'e': 0.2808316217783798}",30,17,11.848561789863055,"{0: 12, 1: 0, 2: 1, 3: 0, 4: 0}",1
1271,False,"{'a': 0.001, 'e': 0.2805509305256187}",25,6,-1.0787190166704326,"{0: 17, 1: 0, 2: 1, 3: 1, 4: 0}",1
1272,False,"{'a': 0.001, 'e': 0.28027051982381157}",30,17,4.210359279229281,"{0: 11, 1: 1, 2: 1, 3: 0, 4: 0}",1
1273,False,"{'a': 0.001, 'e': 0.27999038939254756}",20,3,-33.24191951986281,"{0: 14, 1: 2, 2: 0, 3: 0, 4: 1}",1
1274,False,"{'a': 0.001, 'e': 0.27971053895169634}",20,9,4.489949696812499,"{0: 10, 1: 0, 2: 1, 3: 0, 4: 0}",1
1275,False,"{'a': 0.001, 'e': 0.2794309682214073}",30,20,7.15630191723311,"{0: 9, 1: 0, 2: 1, 3: 0, 4: 0}",1
1276,False,"{'a': 0.001, 'e': 0.27915167692210985}",20,11,-29.170460368980002,"{0: 7, 1: 1, 2: 0, 3: 0, 4: 1}",1
1277,False,"{'a': 0.001, 'e': 0.2788726647745125}",25,11,-20.8844948920939,"{0: 13, 1: 0, 2: 0, 3: 0, 4: 1}",1
1278,False,"{'a': 0.001, 'e': 0.27859393149960326}",25,12,10.68892831703455,"{0: 12, 1: 0, 2: 1, 3: 0, 4: 0}",1
1279,False,"{'a': 0.001, 'e': 0.27831547681864865}",30,13,-31.58061580576143,"{0: 14, 1: 1, 2: 1, 3: 0, 4: 1}",1
1280,False,"{'a': 0.001, 'e': 0.27803730045319414}",20,12,0.8162271107622276,"{0: 7, 1: 0, 2: 1, 3: 0, 4: 0}",1
1281,False,"{'a': 0.001, 'e': 0.2777594021250632}",20,10,8.644481929214757,"{0: 9, 1: 0, 2: 1, 3: 0, 4: 0}",1
1282,False,"{'a': 0.001, 'e': 0.2774817815563575}",25,14,16.843981704738475,"{0: 11, 1: 0, 2: 0, 3: 0, 4: 0}",1
1283,False,"{'a': 0.001, 'e': 0.2772044384694566}",20,8,17.285121344347186,"{0: 12, 1: 0, 2: 0, 3: 0, 4: 0}",1
1284,False,"{'a': 0.001, 'e': 0.2769273725870171}",25,14,24.64255401821292,"{0: 11, 1: 0, 2: 0, 3: 0, 4: 0}",1
1285,False,"{'a': 0.001, 'e': 0.2766505836319734}",30,22,14.987410055510324,"{0: 8, 1: 0, 2: 0, 3: 0, 4: 0}",1
1286,False,"{'a': 0.001, 'e': 0.27637407132753633}",20,12,12.983969848953652,"{0: 8, 1: 0, 2: 0, 3: 0, 4: 0}",1
1287,False,"{'a': 0.001, 'e': 0.2760978353971936}",20,0,17.174573903032748,"{0: 19, 1: 0, 2: 1, 3: 0, 4: 0}",0
1288,False,"{'a': 0.001, 'e': 0.27582187556470933}",20,13,9.750552362059553,"{0: 7, 1: 0, 2: 0, 3: 0, 4: 0}",1
1289,False,"{'a': 0.001, 'e': 0.2755461915541236}",25,14,20.80541807904731,"{0: 11, 1: 0, 2: 0, 3: 0, 4: 0}",1
1290,False,"{'a': 0.001, 'e': 0.27527078308975234}",25,7,17.557870159184983,"{0: 17, 1: 0, 2: 1, 3: 0, 4: 0}",1
1291,False,"{'a': 0.001, 'e': 0.27499564989618713}",30,17,-28.509951632177987,"{0: 11, 1: 0, 2: 1, 3: 0, 4: 1}",1
1292,False,"{'a': 0.001, 'e': 0.2747207916982947}",35,15,8.835403418667761,"{0: 17, 1: 1, 2: 2, 3: 0, 4: 0}",1
1293,False,"{'a': 0.001, 'e': 0.27444620822121696}",20,14,14.925462667292999,"{0: 6, 1: 0, 2: 0, 3: 0, 4: 0}",1
1294,False,"{'a': 0.001, 'e': 0.2741718991903702}",25,9,2.357772004012352,"{0: 14, 1: 0, 2: 2, 3: 0, 4: 0}",1
1295,False,"{'a': 0.001, 'e': 0.2738978643314456}",20,15,8.085037948740393,"{0: 5, 1: 0, 2: 0, 3: 0, 4: 0}",1
1296,False,"{'a': 0.001, 'e': 0.27362410337040804}",20,1,-53.50983289906805,"{0: 17, 1: 0, 2: 0, 3: 0, 4: 2}",1
1297,False,"{'a': 0.001, 'e': 0.27335061603349675}",30,14,-36.15565488500344,"{0: 13, 1: 1, 2: 1, 3: 0, 4: 1}",1
1298,False,"{'a': 0.001, 'e': 0.2730774020472242}",25,6,4.081212163734643,"{0: 16, 1: 1, 2: 2, 3: 0, 4: 0}",1
1299,False,"{'a': 0.001, 'e': 0.2728044611383765}",25,3,-7.733719732180552,"{0: 21, 1: 0, 2: 0, 3: 0, 4: 1}",1
1300,False,"{'a': 0.001, 'e': 0.2725317930340126}",20,1,25.554631238092583,"{0: 19, 1: 0, 2: 0, 3: 0, 4: 0}",1
1301,False,"{'a': 0.001, 'e': 0.2722593974614645}",25,7,14.250467097394006,"{0: 16, 1: 1, 2: 1, 3: 0, 4: 0}",1
1302,False,"{'a': 0.001, 'e': 0.2719872741483365}",20,4,26.4785681211534,"{0: 16, 1: 0, 2: 0, 3: 0, 4: 0}",1
1303,False,"{'a': 0.001, 'e': 0.27171542282250544}",20,1,-125.04023864183002,"{0: 13, 1: 1, 2: 2, 3: 0, 4: 3}",1
1304,False,"{'a': 0.001, 'e': 0.27144384321211973}",20,8,-4.202161892930369,"{0: 10, 1: 0, 2: 2, 3: 0, 4: 0}",1
1305,False,"{'a': 0.001, 'e': 0.2711725350455999}",20,7,5.007283610367038,"{0: 11, 1: 1, 2: 1, 3: 0, 4: 0}",1
1306,False,"{'a': 0.001, 'e': 0.27090149805163766}",30,14,11.553562266829626,"{0: 14, 1: 1, 2: 1, 3: 0, 4: 0}",1
1307,False,"{'a': 0.001, 'e': 0.2706307319591961}",20,8,-32.908355234883764,"{0: 10, 1: 0, 2: 1, 3: 0, 4: 1}",1
1308,False,"{'a': 0.001, 'e': 0.270360236497509}",30,10,-30.51911712617239,"{0: 17, 1: 0, 2: 2, 3: 0, 4: 1}",1
1309,False,"{'a': 0.001, 'e': 0.270090011396081}",25,17,-5.814007122440678,"{0: 6, 1: 1, 2: 1, 3: 0, 4: 0}",1
1310,False,"{'a': 0.001, 'e': 0.2698200563846868}",25,0,-22.35267080383309,"{0: 23, 1: 0, 2: 0, 3: 1, 4: 1}",0
1311,False,"{'a': 0.001, 'e': 0.2695503711933716}",25,0,14.022959940994966,"{0: 23, 1: 0, 2: 2, 3: 0, 4: 0}",0
1312,False,"{'a': 0.001, 'e': 0.26928095555244996}",30,22,16.933595353526265,"{0: 8, 1: 0, 2: 0, 3: 0, 4: 0}",1
1313,False,"{'a': 0.001, 'e': 0.2690118091925064}",25,7,-32.19792873766817,"{0: 16, 1: 0, 2: 0, 3: 1, 4: 1}",1
1314,False,"{'a': 0.001, 'e': 0.26874293184439435}",20,14,12.676920085347714,"{0: 6, 1: 0, 2: 0, 3: 0, 4: 0}",1
1315,False,"{'a': 0.001, 'e': 0.2684743232392366}",20,9,-30.644557887800005,"{0: 9, 1: 1, 2: 0, 3: 0, 4: 1}",1
1316,False,"{'a': 0.001, 'e': 0.2682059831084244}",30,0,-138.07197524472443,"{0: 21, 1: 0, 2: 5, 3: 2, 4: 2}",0
1317,False,"{'a': 0.001, 'e': 0.26793791118361776}",25,7,-88.68966675988815,"{0: 13, 1: 0, 2: 3, 3: 0, 4: 2}",1
1318,False,"{'a': 0.001, 'e': 0.26767010719674456}",20,0,-44.38681190348648,"{0: 15, 1: 3, 2: 1, 3: 0, 4: 1}",0
1319,False,"{'a': 0.001, 'e': 0.2674025708800009}",25,16,7.5195865021920625,"{0: 8, 1: 1, 2: 0, 3: 0, 4: 0}",1
1320,False,"{'a': 0.001, 'e': 0.26713530196585034}",25,18,5.4867649329999235,"{0: 6, 1: 1, 2: 0, 3: 0, 4: 0}",1
1321,False,"{'a': 0.001, 'e': 0.2668683001870241}",25,11,-30.62314930905476,"{0: 12, 1: 0, 2: 1, 3: 0, 4: 1}",1
1322,False,"{'a': 0.001, 'e': 0.2666015652765202}",25,3,-2.6915058196435355,"{0: 19, 1: 1, 2: 1, 3: 1, 4: 0}",1
1323,False,"{'a': 0.001, 'e': 0.2663350969676039}",30,7,-34.67904148673554,"{0: 17, 1: 0, 2: 6, 3: 0, 4: 0}",1
1324,False,"{'a': 0.001, 'e': 0.26606889499380665}",25,14,-14.851922699012613,"{0: 7, 1: 2, 2: 2, 3: 0, 4: 0}",1
1325,False,"{'a': 0.001, 'e': 0.2658029590889266}",20,10,-7.399757738711989,"{0: 8, 1: 1, 2: 0, 3: 1, 4: 0}",1
1326,False,"{'a': 0.001, 'e': 0.2655372889870278}",25,4,-22.591968656109746,"{0: 18, 1: 2, 2: 0, 3: 0, 4: 1}",1
1327,False,"{'a': 0.001, 'e': 0.2652718844224401}",25,5,-11.925369506120855,"{0: 18, 1: 1, 2: 0, 3: 0, 4: 1}",1
1328,False,"{'a': 0.001, 'e': 0.2650067451297589}",35,21,12.941265643034626,"{0: 13, 1: 0, 2: 1, 3: 0, 4: 0}",1
1329,False,"{'a': 0.001, 'e': 0.26474187084384504}",20,7,21.739948137828563,"{0: 13, 1: 0, 2: 0, 3: 0, 4: 0}",1
1330,False,"{'a': 0.001, 'e': 0.26447726129982396}",20,2,30.010850213030125,"{0: 18, 1: 0, 2: 0, 3: 0, 4: 0}",1
1331,False,"{'a': 0.001, 'e': 0.2642129162330863}",30,4,0.8468052493536649,"{0: 22, 1: 1, 2: 3, 3: 0, 4: 0}",1
1332,False,"{'a': 0.001, 'e': 0.2639488353792868}",25,13,13.795321872931883,"{0: 11, 1: 0, 2: 1, 3: 0, 4: 0}",1
1333,False,"{'a': 0.001, 'e': 0.2636850184743448}",25,0,-13.972876574861496,"{0: 20, 1: 3, 2: 1, 3: 1, 4: 0}",0
1334,False,"{'a': 0.001, 'e': 0.2634214652544431}",20,8,14.882696533744099,"{0: 11, 1: 1, 2: 0, 3: 0, 4: 0}",1
1335,False,"{'a': 0.001, 'e': 0.2631581754560287}",25,15,17.292843652766326,"{0: 10, 1: 0, 2: 0, 3: 0, 4: 0}",1
1336,False,"{'a': 0.001, 'e': 0.26289514881581166}",20,7,-19.158497662899517,"{0: 10, 1: 1, 2: 1, 3: 1, 4: 0}",1
1337,False,"{'a': 0.001, 'e': 0.26263238507076536}",20,8,11.301229704053553,"{0: 11, 1: 0, 2: 1, 3: 0, 4: 0}",1
1338,False,"{'a': 0.001, 'e': 0.262369883958126}",25,13,7.280067610209065,"{0: 11, 1: 0, 2: 1, 3: 0, 4: 0}",1
1339,False,"{'a': 0.001, 'e': 0.2621076452153925}",35,13,-1.0114000728383343,"{0: 21, 1: 0, 2: 0, 3: 0, 4: 1}",1
1340,False,"{'a': 0.001, 'e': 0.261845668580326}",20,12,14.989455291949504,"{0: 8, 1: 0, 2: 0, 3: 0, 4: 0}",1
1341,False,"{'a': 0.001, 'e': 0.26158395379094995}",20,14,3.2041791232317482,"{0: 5, 1: 1, 2: 0, 3: 0, 4: 0}",1
1342,False,"{'a': 0.001, 'e': 0.2613225005855494}",20,10,17.393079256745445,"{0: 10, 1: 0, 2: 0, 3: 0, 4: 0}",1
1343,False,"{'a': 0.001, 'e': 0.2610613087026713}",30,15,-18.48358087580973,"{0: 14, 1: 0, 2: 0, 3: 0, 4: 1}",1
1344,False,"{'a': 0.001, 'e': 0.26080037788112365}",20,14,10.356594787215077,"{0: 6, 1: 0, 2: 0, 3: 0, 4: 0}",1
1345,False,"{'a': 0.001, 'e': 0.2605397078599756}",20,6,12.5981615815012,"{0: 13, 1: 0, 2: 1, 3: 0, 4: 0}",1
1346,False,"{'a': 0.001, 'e': 0.2602792983785571}",20,2,-48.127679047499846,"{0: 14, 1: 1, 2: 1, 3: 1, 4: 1}",1
1347,False,"{'a': 0.001, 'e': 0.26001914917645874}",30,20,6.96052543189406,"{0: 9, 1: 0, 2: 1, 3: 0, 4: 0}",1
1348,False,"{'a': 0.001, 'e': 0.2597592599935311}",35,17,14.153202943998961,"{0: 16, 1: 1, 2: 1, 3: 0, 4: 0}",1
1349,False,"{'a': 0.001, 'e': 0.25949963056988523}",25,0,-10.440715849331866,"{0: 23, 1: 0, 2: 1, 3: 0, 4: 1}",0
1350,False,"{'a': 0.001, 'e': 0.2592402606458915}",20,9,-0.723438406740577,"{0: 9, 1: 0, 2: 2, 3: 0, 4: 0}",1
1351,False,"{'a': 0.001, 'e': 0.25898114996218}",20,14,-42.68268309665565,"{0: 4, 1: 0, 2: 1, 3: 0, 4: 1}",1
1352,False,"{'a': 0.001, 'e': 0.25872229825964005}",30,13,9.158351124650482,"{0: 15, 1: 0, 2: 2, 3: 0, 4: 0}",1
1353,False,"{'a': 0.001, 'e': 0.25846370527942}",20,11,6.126781873224975,"{0: 8, 1: 0, 2: 1, 3: 0, 4: 0}",1
1354,False,"{'a': 0.001, 'e': 0.25820537076292666}",25,0,22.826312975665672,"{0: 23, 1: 1, 2: 1, 3: 0, 4: 0}",0
1355,False,"{'a': 0.001, 'e': 0.2579472944518257}",30,11,-7.143755757143385,"{0: 15, 1: 3, 2: 0, 3: 1, 4: 0}",1
1356,False,"{'a': 0.001, 'e': 0.25768947608804055}",30,15,1.7375335385142423,"{0: 13, 1: 0, 2: 2, 3: 0, 4: 0}",1
1357,False,"{'a': 0.001, 'e': 0.2574319154137531}",25,11,16.76581739688218,"{0: 13, 1: 0, 2: 1, 3: 0, 4: 0}",1
1358,False,"{'a': 0.001, 'e': 0.2571746121714024}",25,16,2.9863862704056663,"{0: 8, 1: 0, 2: 1, 3: 0, 4: 0}",1
1359,False,"{'a': 0.001, 'e': 0.25691756610368544}",30,16,14.303372120874712,"{0: 13, 1: 0, 2: 1, 3: 0, 4: 0}",1
1360,False,"{'a': 0.001, 'e': 0.2566607769535559}",20,2,24.709428905861902,"{0: 17, 1: 1, 2: 0, 3: 0, 4: 0}",1
1361,False,"{'a': 0.001, 'e': 0.2564042444642247}",20,11,9.974253162688493,"{0: 8, 1: 1, 2: 0, 3: 0, 4: 0}",1
1362,False,"{'a': 0.001, 'e': 0.2561479683791593}",25,7,20.890627901190896,"{0: 17, 1: 1, 2: 0, 3: 0, 4: 0}",1
1363,False,"{'a': 0.001, 'e': 0.25589194844208374}",30,17,21.150571359607095,"{0: 12, 1: 1, 2: 0, 3: 0, 4: 0}",1
1364,False,"{'a': 0.001, 'e': 0.25563618439697783}",25,13,13.670218272501513,"{0: 11, 1: 1, 2: 0, 3: 0, 4: 0}",1
1365,False,"{'a': 0.001, 'e': 0.2553806759880777}",20,14,10.617170350204788,"{0: 6, 1: 0, 2: 0, 3: 0, 4: 0}",1
1366,False,"{'a': 0.001, 'e': 0.2551254229598748}",20,11,-4.572374228521383,"{0: 8, 1: 0, 2: 0, 3: 1, 4: 0}",1
1367,False,"{'a': 0.001, 'e': 0.25487042505711616}",20,15,10.59222970538949,"{0: 5, 1: 0, 2: 0, 3: 0, 4: 0}",1
1368,False,"{'a': 0.001, 'e': 0.2546156820248037}",30,10,-48.183634470205334,"{0: 16, 1: 1, 2: 1, 3: 1, 4: 1}",1
1369,False,"{'a': 0.001, 'e': 0.25436119360819465}",25,10,3.8484821611174995,"{0: 14, 1: 0, 2: 0, 3: 1, 4: 0}",1
1370,False,"{'a': 0.001, 'e': 0.25410695955280027}",20,13,-0.3592444986110883,"{0: 6, 1: 0, 2: 1, 3: 0, 4: 0}",1
1371,False,"{'a': 0.001, 'e': 0.2538529796043867}",25,15,14.438182555557944,"{0: 9, 1: 1, 2: 0, 3: 0, 4: 0}",1
1372,False,"{'a': 0.001, 'e': 0.25359925350897383}",20,10,18.99705248952246,"{0: 10, 1: 0, 2: 0, 3: 0, 4: 0}",1
1373,False,"{'a': 0.001, 'e': 0.25334578101283567}",25,3,-3.8210362563057654,"{0: 19, 1: 0, 2: 3, 3: 0, 4: 0}",1
1374,False,"{'a': 0.001, 'e': 0.25309256186249957}",20,5,-13.487362686306144,"{0: 12, 1: 0, 2: 3, 3: 0, 4: 0}",1
1375,False,"{'a': 0.001, 'e': 0.25283959580474646}",20,5,7.346908571355299,"{0: 13, 1: 1, 2: 1, 3: 0, 4: 0}",1
1376,False,"{'a': 0.001, 'e': 0.2525868825866102}",25,5,29.85213359634139,"{0: 19, 1: 1, 2: 0, 3: 0, 4: 0}",1
1377,False,"{'a': 0.001, 'e': 0.25233442195537764}",20,16,9.364104285936518,"{0: 4, 1: 0, 2: 0, 3: 0, 4: 0}",1
1378,False,"{'a': 0.001, 'e': 0.25208221365858796}",20,12,2.577201117247479,"{0: 7, 1: 0, 2: 1, 3: 0, 4: 0}",1
1379,False,"{'a': 0.001, 'e': 0.25183025744403303}",20,14,-41.88639145373013,"{0: 4, 1: 0, 2: 1, 3: 0, 4: 1}",1
1380,False,"{'a': 0.001, 'e': 0.25157855305975646}",20,12,6.829893568536848,"{0: 7, 1: 1, 2: 0, 3: 0, 4: 0}",1
1381,False,"{'a': 0.001, 'e': 0.251327100254054}",25,15,-25.594304709928323,"{0: 7, 1: 0, 2: 2, 3: 1, 4: 0}",1
1382,False,"{'a': 0.001, 'e': 0.25107589877547265}",20,8,20.71411512113569,"{0: 12, 1: 0, 2: 0, 3: 0, 4: 0}",1
1383,False,"{'a': 0.001, 'e': 0.2508249483728111}",25,17,-38.801376922181674,"{0: 6, 1: 0, 2: 1, 3: 0, 4: 1}",1
1384,False,"{'a': 0.001, 'e': 0.25057424879511875}",20,12,-16.82358085137452,"{0: 5, 1: 0, 2: 3, 3: 0, 4: 0}",1
1385,False,"{'a': 0.001, 'e': 0.2503237997916961}",25,5,-8.189488878795183,"{0: 16, 1: 1, 2: 3, 3: 0, 4: 0}",1
1386,False,"{'a': 0.001, 'e': 0.2500736011120941}",30,6,-0.2631904536588814,"{0: 21, 1: 1, 2: 1, 3: 1, 4: 0}",1
1387,False,"{'a': 0.001, 'e': 0.24982365250611405}",30,0,-19.855800537250467,"{0: 26, 1: 2, 2: 1, 3: 0, 4: 1}",0
1388,False,"{'a': 0.001, 'e': 0.24957395372380728}",25,10,18.445169824188717,"{0: 14, 1: 1, 2: 0, 3: 0, 4: 0}",1
1389,False,"{'a': 0.001, 'e': 0.2493245045154751}",20,7,-38.552941879584786,"{0: 11, 1: 0, 2: 0, 3: 1, 4: 1}",1
1390,False,"{'a': 0.001, 'e': 0.24907530463166816}",20,9,16.128873519450185,"{0: 11, 1: 0, 2: 0, 3: 0, 4: 0}",1
1391,False,"{'a': 0.001, 'e': 0.24882635382318666}",30,13,14.019510526910821,"{0: 15, 1: 1, 2: 1, 3: 0, 4: 0}",1
1392,False,"{'a': 0.001, 'e': 0.24857765184107966}",25,13,-31.75024138972473,"{0: 10, 1: 0, 2: 1, 3: 0, 4: 1}",1
1393,False,"{'a': 0.001, 'e': 0.24832919843664528}",20,11,19.348986925262743,"{0: 9, 1: 0, 2: 0, 3: 0, 4: 0}",1
1394,False,"{'a': 0.001, 'e': 0.24808099336142997}",25,20,7.662027266930411,"{0: 5, 1: 0, 2: 0, 3: 0, 4: 0}",1
1395,False,"{'a': 0.001, 'e': 0.24783303636722875}",25,3,-22.310167228188575,"{0: 18, 1: 0, 2: 3, 3: 1, 4: 0}",1
1396,False,"{'a': 0.001, 'e': 0.2475853272060845}",20,10,5.782479147233767,"{0: 9, 1: 0, 2: 1, 3: 0, 4: 0}",1
1397,False,"{'a': 0.001, 'e': 0.24733786563028812}",35,15,5.547370135734699,"{0: 17, 1: 0, 2: 3, 3: 0, 4: 0}",1
1398,False,"{'a': 0.001, 'e': 0.24709065139237796}",30,13,-18.445837347601124,"{0: 15, 1: 1, 2: 0, 3: 0, 4: 1}",1
1399,False,"{'a': 0.001, 'e': 0.24684368424513983}",30,7,26.21825412334629,"{0: 22, 1: 1, 2: 0, 3: 0, 4: 0}",1
1400,False,"{'a': 0.001, 'e': 0.24659696394160643}",20,3,9.633312675426147,"{0: 15, 1: 1, 2: 1, 3: 0, 4: 0}",1
1401,False,"{'a': 0.001, 'e': 0.24635049023505762}",20,15,10.148615275694517,"{0: 5, 1: 0, 2: 0, 3: 0, 4: 0}",1
1402,False,"{'a': 0.001, 'e': 0.2461042628790195}",20,3,19.112754887661783,"{0: 16, 1: 0, 2: 1, 3: 0, 4: 0}",1
1403,False,"{'a': 0.001, 'e': 0.2458582816272648}",20,2,-27.541913766566232,"{0: 16, 1: 0, 2: 0, 3: 1, 4: 1}",1
1404,False,"{'a': 0.001, 'e': 0.2456125462338122}",30,16,0.2910288886550003,"{0: 12, 1: 0, 2: 2, 3: 0, 4: 0}",1
1405,False,"{'a': 0.001, 'e': 0.24536705645292634}",25,2,-26.218080586176026,"{0: 21, 1: 0, 2: 0, 3: 1, 4: 1}",1
1406,False,"{'a': 0.001, 'e': 0.24512181203911731}",30,21,17.975792704671605,"{0: 9, 1: 0, 2: 0, 3: 0, 4: 0}",1
1407,False,"{'a': 0.001, 'e': 0.24487681274714082}",20,11,-6.228542553645045,"{0: 7, 1: 0, 2: 2, 3: 0, 4: 0}",1
1408,False,"{'a': 0.001, 'e': 0.2446320583319975}",30,12,18.399765009262847,"{0: 17, 1: 0, 2: 1, 3: 0, 4: 0}",1
1409,False,"{'a': 0.001, 'e': 0.2443875485489328}",20,4,2.160457629188153,"{0: 12, 1: 4, 2: 0, 3: 0, 4: 0}",1
1410,False,"{'a': 0.001, 'e': 0.2441432831534371}",25,20,11.440041795035054,"{0: 5, 1: 0, 2: 0, 3: 0, 4: 0}",1
1411,False,"{'a': 0.001, 'e': 0.24389926190124483}",25,20,10.807706167937964,"{0: 5, 1: 0, 2: 0, 3: 0, 4: 0}",1
1412,False,"{'a': 0.001, 'e': 0.24365548454833486}",20,14,-11.729726187607692,"{0: 5, 1: 0, 2: 0, 3: 1, 4: 0}",1
1413,False,"{'a': 0.001, 'e': 0.24341195085092968}",25,19,10.698603838660773,"{0: 6, 1: 0, 2: 0, 3: 0, 4: 0}",1
1414,False,"{'a': 0.001, 'e': 0.24316866056549566}",20,10,9.669612910700398,"{0: 9, 1: 1, 2: 0, 3: 0, 4: 0}",1
1415,False,"{'a': 0.001, 'e': 0.24292561344874244}",20,3,-22.154140215534447,"{0: 15, 1: 0, 2: 1, 3: 0, 4: 1}",1
1416,False,"{'a': 0.001, 'e': 0.24268280925762298}",20,8,19.0294771475009,"{0: 12, 1: 0, 2: 0, 3: 0, 4: 0}",1
1417,False,"{'a': 0.001, 'e': 0.24244024774933293}",30,8,-48.4416402527783,"{0: 19, 1: 1, 2: 0, 3: 0, 4: 2}",1
1418,False,"{'a': 0.001, 'e': 0.2421979286813109}",25,17,13.643003091088602,"{0: 8, 1: 0, 2: 0, 3: 0, 4: 0}",1
1419,False,"{'a': 0.001, 'e': 0.24195585181123766}",30,12,11.103695520496538,"{0: 16, 1: 1, 2: 1, 3: 0, 4: 0}",1
1420,False,"{'a': 0.001, 'e': 0.24171401689703645}",25,16,-12.57973261854455,"{0: 7, 1: 1, 2: 0, 3: 1, 4: 0}",1
1421,False,"{'a': 0.001, 'e': 0.24147242369687225}",20,10,13.549207335363377,"{0: 9, 1: 1, 2: 0, 3: 0, 4: 0}",1
1422,False,"{'a': 0.001, 'e': 0.24123107196915192}",20,3,-17.261166758420842,"{0: 15, 1: 1, 2: 0, 3: 0, 4: 1}",1
1423,False,"{'a': 0.001, 'e': 0.24098996147252358}",30,14,-27.75162654256381,"{0: 13, 1: 1, 2: 1, 3: 0, 4: 1}",1
1424,False,"{'a': 0.001, 'e': 0.24074909196587688}",25,17,14.303120227766492,"{0: 8, 1: 0, 2: 0, 3: 0, 4: 0}",1
1425,False,"{'a': 0.001, 'e': 0.24050846320834213}",20,14,12.585984638988553,"{0: 6, 1: 0, 2: 0, 3: 0, 4: 0}",1
1426,False,"{'a': 0.001, 'e': 0.2402680749592907}",30,18,14.874264405330704,"{0: 11, 1: 0, 2: 1, 3: 0, 4: 0}",1
1427,False,"{'a': 0.001, 'e': 0.2400279269783342}",25,4,-40.3967967244522,"{0: 17, 1: 1, 2: 2, 3: 0, 4: 1}",1
1428,False,"{'a': 0.001, 'e': 0.2397880190253247}",20,3,-8.276255399727914,"{0: 14, 1: 0, 2: 3, 3: 0, 4: 0}",1
1429,False,"{'a': 0.001, 'e': 0.2395483508603542}",20,3,-5.873474561547226,"{0: 13, 1: 2, 2: 2, 3: 0, 4: 0}",1
1430,False,"{'a': 0.001, 'e': 0.23930892224375455}",20,4,12.055384541423035,"{0: 15, 1: 0, 2: 1, 3: 0, 4: 0}",1
1431,False,"{'a': 0.001, 'e': 0.23906973293609704}",30,17,4.661462462570598,"{0: 11, 1: 1, 2: 1, 3: 0, 4: 0}",1
1432,False,"{'a': 0.001, 'e': 0.23883078269819244}",30,8,0.8104472153341524,"{0: 19, 1: 0, 2: 3, 3: 0, 4: 0}",1
1433,False,"{'a': 0.001, 'e': 0.2385920712910904}",20,0,-55.78597188610987,"{0: 18, 1: 0, 2: 0, 3: 0, 4: 2}",0
1434,False,"{'a': 0.001, 'e': 0.23835359847607956}",20,14,-0.6510266296742735,"{0: 5, 1: 0, 2: 1, 3: 0, 4: 0}",1
1435,False,"{'a': 0.001, 'e': 0.23811536401468703}",25,8,-57.1339572099604,"{0: 15, 1: 0, 2: 0, 3: 0, 4: 2}",1
1436,False,"{'a': 0.001, 'e': 0.2378773676686784}",20,8,-5.7975713117177445,"{0: 9, 1: 1, 2: 2, 3: 0, 4: 0}",1
1437,False,"{'a': 0.001, 'e': 0.2376396092000572}",20,16,8.046920811151754,"{0: 4, 1: 0, 2: 0, 3: 0, 4: 0}",1
1438,False,"{'a': 0.001, 'e': 0.23740208837106508}",25,8,16.745614769502925,"{0: 16, 1: 0, 2: 1, 3: 0, 4: 0}",1
1439,False,"{'a': 0.001, 'e': 0.23716480494418105}",30,18,24.58778106555565,"{0: 12, 1: 0, 2: 0, 3: 0, 4: 0}",1
1440,False,"{'a': 0.001, 'e': 0.23692775868212176}",30,15,12.414284032966274,"{0: 14, 1: 0, 2: 1, 3: 0, 4: 0}",1
1441,False,"{'a': 0.001, 'e': 0.23669094934784088}",20,13,-11.449836188655727,"{0: 6, 1: 0, 2: 0, 3: 1, 4: 0}",1
1442,False,"{'a': 0.001, 'e': 0.2364543767045291}",30,13,-69.35709883518325,"{0: 12, 1: 0, 2: 3, 3: 1, 4: 1}",1
1443,False,"{'a': 0.001, 'e': 0.23621804051561368}",20,4,16.129919925162646,"{0: 15, 1: 0, 2: 1, 3: 0, 4: 0}",1
1444,False,"{'a': 0.001, 'e': 0.23598194054475852}",20,1,10.53904001364514,"{0: 17, 1: 0, 2: 2, 3: 0, 4: 0}",1
1445,False,"{'a': 0.001, 'e': 0.23574607655586352}",25,13,20.76953981546776,"{0: 12, 1: 0, 2: 0, 3: 0, 4: 0}",1
1446,False,"{'a': 0.001, 'e': 0.23551044831306475}",20,1,7.987433433798854,"{0: 16, 1: 3, 2: 0, 3: 0, 4: 0}",1
1447,False,"{'a': 0.001, 'e': 0.2352750555807339}",20,14,8.367048926692798,"{0: 5, 1: 1, 2: 0, 3: 0, 4: 0}",1
1448,False,"{'a': 0.001, 'e': 0.23503989812347828}",25,19,8.588928562011091,"{0: 5, 1: 1, 2: 0, 3: 0, 4: 0}",1
1449,False,"{'a': 0.001, 'e': 0.2348049757061403}",25,3,21.43010247592196,"{0: 21, 1: 0, 2: 1, 3: 0, 4: 0}",1
1450,False,"{'a': 0.001, 'e': 0.23457028809379765}",20,10,16.38392660656724,"{0: 10, 1: 0, 2: 0, 3: 0, 4: 0}",1
1451,False,"{'a': 0.001, 'e': 0.23433583505176261}",30,12,-38.0694088673076,"{0: 15, 1: 0, 2: 2, 3: 0, 4: 1}",1
1452,False,"{'a': 0.001, 'e': 0.2341016163455822}",20,1,8.080880547527629,"{0: 17, 1: 1, 2: 1, 3: 0, 4: 0}",1
1453,False,"{'a': 0.001, 'e': 0.23386763174103756}",30,19,6.702654117174273,"{0: 10, 1: 0, 2: 1, 3: 0, 4: 0}",1
1454,False,"{'a': 0.001, 'e': 0.23363388100414423}",25,16,-29.50556347285107,"{0: 8, 1: 0, 2: 0, 3: 0, 4: 1}",1
1455,False,"{'a': 0.001, 'e': 0.23340036390115132}",20,12,4.49199631042608,"{0: 7, 1: 0, 2: 1, 3: 0, 4: 0}",1
1456,False,"{'a': 0.001, 'e': 0.2331670801985418}",25,8,-13.15879201975181,"{0: 16, 1: 0, 2: 0, 3: 0, 4: 1}",1
1457,False,"{'a': 0.001, 'e': 0.23293402966303187}",30,11,28.465663943827305,"{0: 18, 1: 1, 2: 0, 3: 0, 4: 0}",1
1458,False,"{'a': 0.001, 'e': 0.23270121206157107}",30,16,32.27284735632231,"{0: 14, 1: 0, 2: 0, 3: 0, 4: 0}",1
1459,False,"{'a': 0.001, 'e': 0.23246862716134165}",25,10,6.643070060935876,"{0: 13, 1: 1, 2: 1, 3: 0, 4: 0}",1
1460,False,"{'a': 0.001, 'e': 0.23223627472975883}",30,17,-17.359318552550068,"{0: 12, 1: 0, 2: 0, 3: 0, 4: 1}",1
1461,False,"{'a': 0.001, 'e': 0.23200415453447004}",20,16,5.8393244537615585,"{0: 4, 1: 0, 2: 0, 3: 0, 4: 0}",1
1462,False,"{'a': 0.001, 'e': 0.23177226634335515}",25,13,15.182296987112803,"{0: 11, 1: 1, 2: 0, 3: 0, 4: 0}",1
1463,False,"{'a': 0.001, 'e': 0.2315406099245259}",25,14,-8.11814930090764,"{0: 8, 1: 1, 2: 2, 3: 0, 4: 0}",1
1464,False,"{'a': 0.001, 'e': 0.23130918504632592}",20,0,-22.06080423225372,"{0: 18, 1: 0, 2: 1, 3: 0, 4: 1}",1
1465,False,"{'a': 0.001, 'e': 0.23107799147733019}",20,14,5.486520973056556,"{0: 5, 1: 1, 2: 0, 3: 0, 4: 0}",1
1466,False,"{'a': 0.001, 'e': 0.23084702898634524}",30,0,-48.76005825902577,"{0: 27, 1: 0, 2: 1, 3: 0, 4: 2}",0
1467,False,"{'a': 0.001, 'e': 0.2306162973424085}",25,15,13.523961523604527,"{0: 10, 1: 0, 2: 0, 3: 0, 4: 0}",1
1468,False,"{'a': 0.001, 'e': 0.23038579631478834}",20,10,20.580857551158864,"{0: 10, 1: 0, 2: 0, 3: 0, 4: 0}",1
1469,False,"{'a': 0.001, 'e': 0.23015552567298364}",20,4,-42.465429868098596,"{0: 13, 1: 0, 2: 2, 3: 0, 4: 1}",1
1470,False,"{'a': 0.001, 'e': 0.22992548518672384}",25,7,18.295396193239636,"{0: 17, 1: 0, 2: 1, 3: 0, 4: 0}",1
1471,False,"{'a': 0.001, 'e': 0.22969567462596835}",20,2,26.84765093253305,"{0: 18, 1: 0, 2: 0, 3: 0, 4: 0}",1
1472,False,"{'a': 0.001, 'e': 0.22946609376090668}",20,0,-16.913268668642512,"{0: 18, 1: 1, 2: 0, 3: 0, 4: 1}",0
1473,False,"{'a': 0.001, 'e': 0.22923674236195785}",30,15,12.853496559419485,"{0: 14, 1: 0, 2: 1, 3: 0, 4: 0}",1
1474,False,"{'a': 0.001, 'e': 0.2290076201997705}",25,2,16.56474786280084,"{0: 21, 1: 0, 2: 2, 3: 0, 4: 0}",1
1475,False,"{'a': 0.001, 'e': 0.22877872704522242}",20,2,-12.619271277977425,"{0: 17, 1: 0, 2: 0, 3: 0, 4: 1}",1
1476,False,"{'a': 0.001, 'e': 0.2285500626694205}",20,12,14.730612351249222,"{0: 8, 1: 0, 2: 0, 3: 0, 4: 0}",1
1477,False,"{'a': 0.001, 'e': 0.22832162684370022}",20,15,8.927910412190876,"{0: 5, 1: 0, 2: 0, 3: 0, 4: 0}",1
1478,False,"{'a': 0.001, 'e': 0.22809341933962587}",20,9,-4.44629905105207,"{0: 9, 1: 0, 2: 2, 3: 0, 4: 0}",1
1479,False,"{'a': 0.001, 'e': 0.22786543992898983}",20,11,17.018847806175046,"{0: 9, 1: 0, 2: 0, 3: 0, 4: 0}",1
1480,False,"{'a': 0.001, 'e': 0.22763768838381274}",20,0,-67.08554307036223,"{0: 17, 1: 0, 2: 1, 3: 0, 4: 2}",0
1481,False,"{'a': 0.001, 'e': 0.22741016447634296}",20,14,8.731246605359555,"{0: 6, 1: 0, 2: 0, 3: 0, 4: 0}",1
1482,False,"{'a': 0.001, 'e': 0.22718286797905665}",20,13,0.6275489313412632,"{0: 6, 1: 0, 2: 1, 3: 0, 4: 0}",1
1483,False,"{'a': 0.001, 'e': 0.22695579866465723}",30,13,12.091151231283218,"{0: 15, 1: 1, 2: 1, 3: 0, 4: 0}",1
1484,False,"{'a': 0.001, 'e': 0.22672895630607542}",35,21,23.273780838992945,"{0: 14, 1: 0, 2: 0, 3: 0, 4: 0}",1
1485,False,"{'a': 0.001, 'e': 0.22650234067646874}",25,6,22.640561931951783,"{0: 17, 1: 2, 2: 0, 3: 0, 4: 0}",1
1486,False,"{'a': 0.001, 'e': 0.2262759515492217}",20,16,7.995651557613802,"{0: 4, 1: 0, 2: 0, 3: 0, 4: 0}",1
1487,False,"{'a': 0.001, 'e': 0.22604978869794498}",20,5,19.3816405939273,"{0: 15, 1: 0, 2: 0, 3: 0, 4: 0}",1
1488,False,"{'a': 0.001, 'e': 0.22582385189647586}",25,0,9.23111246004538,"{0: 23, 1: 1, 2: 0, 3: 1, 4: 0}",0
1489,False,"{'a': 0.001, 'e': 0.22559814091887742}",25,12,10.72750828253345,"{0: 12, 1: 0, 2: 1, 3: 0, 4: 0}",1
1490,False,"{'a': 0.001, 'e': 0.22537265553943872}",20,2,12.890659189584136,"{0: 17, 1: 0, 2: 1, 3: 0, 4: 0}",1
1491,False,"{'a': 0.001, 'e': 0.22514739553267432}",25,5,-22.030406031869468,"{0: 18, 1: 0, 2: 1, 3: 0, 4: 1}",1
1492,False,"{'a': 0.001, 'e': 0.22492236067332425}",25,11,-27.838013073269337,"{0: 12, 1: 1, 2: 0, 3: 0, 4: 1}",1
1493,False,"{'a': 0.001, 'e': 0.22469755073635353}",20,12,4.545254295884936,"{0: 7, 1: 0, 2: 1, 3: 0, 4: 0}",1
1494,False,"{'a': 0.001, 'e': 0.22447296549695234}",25,13,22.5709780534684,"{0: 12, 1: 0, 2: 0, 3: 0, 4: 0}",1
1495,False,"{'a': 0.001, 'e': 0.22424860473053532}",35,14,5.921208922362026,"{0: 19, 1: 0, 2: 1, 3: 1, 4: 0}",1
1496,False,"{'a': 0.001, 'e': 0.22402446821274175}",20,7,5.066602190521439,"{0: 11, 1: 1, 2: 1, 3: 0, 4: 0}",1
1497,False,"{'a': 0.001, 'e': 0.223800555719435}",20,5,14.120765656677497,"{0: 14, 1: 0, 2: 1, 3: 0, 4: 0}",1
1498,False,"{'a': 0.001, 'e': 0.22357686702670268}",20,14,11.760015515732185,"{0: 6, 1: 0, 2: 0, 3: 0, 4: 0}",1
1499,False,"{'a': 0.001, 'e': 0.22335340191085598}",20,13,12.038268915461543,"{0: 7, 1: 0, 2: 0, 3: 0, 4: 0}",1
1500,False,"{'a': 0.001, 'e': 0.22313016014842982}",20,0,-22.691258608748367,"{0: 18, 1: 0, 2: 1, 3: 0, 4: 1}",0
1501,False,"{'a': 0.001, 'e': 0.22290714151618238}",25,17,3.3562820093054544,"{0: 7, 1: 0, 2: 1, 3: 0, 4: 0}",1
1502,False,"{'a': 0.001, 'e': 0.22268434579109508}",20,3,19.41610559814998,"{0: 16, 1: 0, 2: 1, 3: 0, 4: 0}",1
1503,False,"{'a': 0.001, 'e': 0.22246177275037207}",30,12,-10.788197839008191,"{0: 17, 1: 0, 2: 0, 3: 0, 4: 1}",1
1504,False,"{'a': 0.001, 'e': 0.2222394221714404}",20,0,-39.09009208975949,"{0: 17, 1: 0, 2: 2, 3: 0, 4: 1}",0
1505,False,"{'a': 0.001, 'e': 0.22201729383194937}",25,3,24.58137858308993,"{0: 21, 1: 0, 2: 1, 3: 0, 4: 0}",1
1506,False,"{'a': 0.001, 'e': 0.22179538750977074}",25,2,9.921891862129511,"{0: 21, 1: 0, 2: 2, 3: 0, 4: 0}",1
1507,False,"{'a': 0.001, 'e': 0.22157370298299803}",25,2,-17.39298538318535,"{0: 21, 1: 0, 2: 1, 3: 0, 4: 1}",1
1508,False,"{'a': 0.001, 'e': 0.22135224002994683}",20,14,9.907179725651687,"{0: 6, 1: 0, 2: 0, 3: 0, 4: 0}",1
1509,False,"{'a': 0.001, 'e': 0.22113099842915407}",20,11,15.537832377000225,"{0: 9, 1: 0, 2: 0, 3: 0, 4: 0}",1
1510,False,"{'a': 0.001, 'e': 0.2209099779593782}",25,9,-15.70220165969553,"{0: 15, 1: 0, 2: 0, 3: 0, 4: 1}",1
1511,False,"{'a': 0.001, 'e': 0.22068917839959865}",25,1,15.759667041176517,"{0: 22, 1: 0, 2: 2, 3: 0, 4: 0}",1
1512,False,"{'a': 0.001, 'e': 0.22046859952901593}",20,0,-3.336411776173661,"{0: 16, 1: 2, 2: 2, 3: 0, 4: 0}",0
1513,False,"{'a': 0.001, 'e': 0.22024824112705108}",25,18,14.361612009642513,"{0: 7, 1: 0, 2: 0, 3: 0, 4: 0}",1
1514,False,"{'a': 0.001, 'e': 0.22002810297334574}",20,16,7.186405777036281,"{0: 4, 1: 0, 2: 0, 3: 0, 4: 0}",1
1515,False,"{'a': 0.001, 'e': 0.21980818484776168}",30,10,11.37784382458099,"{0: 18, 1: 0, 2: 2, 3: 0, 4: 0}",1
1516,False,"{'a': 0.001, 'e': 0.21958848653038082}",25,12,6.896957732861625,"{0: 11, 1: 1, 2: 1, 3: 0, 4: 0}",1
1517,False,"{'a': 0.001, 'e': 0.21936900780150476}",30,12,-29.61979853238565,"{0: 15, 1: 1, 2: 1, 3: 0, 4: 1}",1
1518,False,"{'a': 0.001, 'e': 0.2191497484416548}",30,18,-10.556134114762212,"{0: 10, 1: 0, 2: 1, 3: 1, 4: 0}",1
1519,False,"{'a': 0.001, 'e': 0.2189307082315715}",20,8,20.054195174278227,"{0: 12, 1: 0, 2: 0, 3: 0, 4: 0}",1
1520,False,"{'a': 0.001, 'e': 0.21871188695221475}",25,19,11.540219483304076,"{0: 6, 1: 0, 2: 0, 3: 0, 4: 0}",1
1521,False,"{'a': 0.001, 'e': 0.21849328438476312}",35,21,19.349082617328833,"{0: 13, 1: 0, 2: 1, 3: 0, 4: 0}",1
1522,False,"{'a': 0.001, 'e': 0.21827490031061414}",20,9,15.493683786778345,"{0: 11, 1: 0, 2: 0, 3: 0, 4: 0}",1
1523,False,"{'a': 0.001, 'e': 0.2180567345113836}",30,15,21.87019197450507,"{0: 14, 1: 1, 2: 0, 3: 0, 4: 0}",1
1524,False,"{'a': 0.001, 'e': 0.21783878676890578}",25,15,5.727972237876353,"{0: 9, 1: 0, 2: 1, 3: 0, 4: 0}",1
1525,False,"{'a': 0.001, 'e': 0.21762105686523284}",30,18,-10.465567761065277,"{0: 10, 1: 1, 2: 0, 3: 1, 4: 0}",1
1526,False,"{'a': 0.001, 'e': 0.21740354458263497}",25,10,16.62493484742272,"{0: 14, 1: 0, 2: 1, 3: 0, 4: 0}",1
1527,False,"{'a': 0.001, 'e': 0.21718624970359973}",20,13,12.706173488543639,"{0: 7, 1: 0, 2: 0, 3: 0, 4: 0}",1
1528,False,"{'a': 0.001, 'e': 0.21696917201083235}",20,9,-5.224235383701153,"{0: 9, 1: 0, 2: 2, 3: 0, 4: 0}",1
1529,False,"{'a': 0.001, 'e': 0.216752311287255}",25,9,-12.951105603236739,"{0: 15, 1: 0, 2: 0, 3: 0, 4: 1}",1
1530,False,"{'a': 0.001, 'e': 0.21653566731600707}",25,15,16.35626505756508,"{0: 10, 1: 0, 2: 0, 3: 0, 4: 0}",1
1531,False,"{'a': 0.001, 'e': 0.21631923988044444}",25,15,6.710783531620793,"{0: 9, 1: 0, 2: 1, 3: 0, 4: 0}",1
1532,False,"{'a': 0.001, 'e': 0.21610302876413975}",20,16,7.521430064439674,"{0: 4, 1: 0, 2: 0, 3: 0, 4: 0}",1
1533,False,"{'a': 0.001, 'e': 0.2158870337508818}",20,7,-22.055367040129276,"{0: 12, 1: 0, 2: 0, 3: 0, 4: 1}",1
1534,False,"{'a': 0.001, 'e': 0.21567125462467565}",20,12,14.814383956741628,"{0: 8, 1: 0, 2: 0, 3: 0, 4: 0}",1
1535,False,"{'a': 0.001, 'e': 0.21545569116974203}",25,10,26.06187851854866,"{0: 15, 1: 0, 2: 0, 3: 0, 4: 0}",1
1536,False,"{'a': 0.001, 'e': 0.21524034317051757}",25,10,17.603971657071476,"{0: 14, 1: 1, 2: 0, 3: 0, 4: 0}",1
1537,False,"{'a': 0.001, 'e': 0.21502521041165426}",25,7,14.062150777082651,"{0: 16, 1: 1, 2: 1, 3: 0, 4: 0}",1
1538,False,"{'a': 0.001, 'e': 0.2148102926780192}",20,13,-4.878748382028824,"{0: 5, 1: 1, 2: 1, 3: 0, 4: 0}",1
1539,False,"{'a': 0.001, 'e': 0.21459558975469478}",25,10,6.109659708457839,"{0: 14, 1: 0, 2: 0, 3: 1, 4: 0}",1
1540,False,"{'a': 0.001, 'e': 0.21438110142697794}",25,20,9.832190664291714,"{0: 5, 1: 0, 2: 0, 3: 0, 4: 0}",1
1541,False,"{'a': 0.001, 'e': 0.21416682748038046}",20,2,-28.92159726956661,"{0: 16, 1: 0, 2: 1, 3: 0, 4: 1}",1
1542,False,"{'a': 0.001, 'e': 0.21395276770062824}",20,8,-43.11905709554813,"{0: 7, 1: 0, 2: 4, 3: 1, 4: 0}",1
1543,False,"{'a': 0.001, 'e': 0.2137389218736616}",25,8,6.614047373266596,"{0: 15, 1: 0, 2: 2, 3: 0, 4: 0}",1
1544,False,"{'a': 0.001, 'e': 0.2135252897856346}",25,20,7.452685965629393,"{0: 5, 1: 0, 2: 0, 3: 0, 4: 0}",1
1545,False,"{'a': 0.001, 'e': 0.21331187122291523}",20,13,14.709530242671121,"{0: 7, 1: 0, 2: 0, 3: 0, 4: 0}",1
1546,False,"{'a': 0.001, 'e': 0.21309866597208482}",25,15,-6.169127743317564,"{0: 8, 1: 0, 2: 2, 3: 0, 4: 0}",1
1547,False,"{'a': 0.001, 'e': 0.21288567381993817}",25,8,27.603466440225237,"{0: 16, 1: 1, 2: 0, 3: 0, 4: 0}",1
1548,False,"{'a': 0.001, 'e': 0.21267289455348304}",30,17,8.577163690057718,"{0: 12, 1: 0, 2: 1, 3: 0, 4: 0}",1
1549,False,"{'a': 0.001, 'e': 0.21246032795994024}",25,15,5.896352547264092,"{0: 9, 1: 0, 2: 1, 3: 0, 4: 0}",1
1550,False,"{'a': 0.001, 'e': 0.21224797382674304}",25,14,21.535977760975868,"{0: 11, 1: 0, 2: 0, 3: 0, 4: 0}",1
1551,False,"{'a': 0.001, 'e': 0.2120358319415374}",25,14,8.744250575311934,"{0: 10, 1: 0, 2: 1, 3: 0, 4: 0}",1
1552,False,"{'a': 0.001, 'e': 0.21182390209218135}",25,15,-23.45253632353922,"{0: 9, 1: 0, 2: 0, 3: 0, 4: 1}",1
1553,False,"{'a': 0.001, 'e': 0.2116121840667451}",25,1,18.401844382599386,"{0: 22, 1: 1, 2: 1, 3: 0, 4: 0}",1
1554,False,"{'a': 0.001, 'e': 0.21140067765351048}",20,0,-43.02445663767171,"{0: 16, 1: 1, 2: 2, 3: 0, 4: 1}",0
1555,False,"{'a': 0.001, 'e': 0.21118938264097117}",20,3,21.976369070905328,"{0: 16, 1: 0, 2: 1, 3: 0, 4: 0}",1
1556,False,"{'a': 0.001, 'e': 0.21097829881783206}",20,9,6.471894735428366,"{0: 10, 1: 0, 2: 1, 3: 0, 4: 0}",1
1557,False,"{'a': 0.001, 'e': 0.2107674259730094}",25,15,-71.90576438035475,"{0: 6, 1: 1, 2: 0, 3: 2, 4: 1}",1
1558,False,"{'a': 0.001, 'e': 0.21055676389563024}",25,16,16.355659900273984,"{0: 9, 1: 0, 2: 0, 3: 0, 4: 0}",1
1559,False,"{'a': 0.001, 'e': 0.21034631237503254}",30,14,-5.67501371304906,"{0: 14, 1: 0, 2: 1, 3: 1, 4: 0}",1
1560,False,"{'a': 0.001, 'e': 0.21013607120076472}",25,16,4.939631261259914,"{0: 8, 1: 0, 2: 1, 3: 0, 4: 0}",1
1561,False,"{'a': 0.001, 'e': 0.20992604016258565}",25,11,-16.55905144473192,"{0: 13, 1: 0, 2: 0, 3: 0, 4: 1}",1
1562,False,"{'a': 0.001, 'e': 0.2097162190504642}",20,8,22.1861435503086,"{0: 12, 1: 0, 2: 0, 3: 0, 4: 0}",1
1563,False,"{'a': 0.001, 'e': 0.20950660765457932}",30,13,29.405109563529656,"{0: 17, 1: 0, 2: 0, 3: 0, 4: 0}",1
1564,False,"{'a': 0.001, 'e': 0.20929720576531952}",20,0,-12.688766383475786,"{0: 16, 1: 2, 2: 1, 3: 1, 4: 0}",0
1565,False,"{'a': 0.001, 'e': 0.20908801317328293}",25,11,23.29849121530416,"{0: 14, 1: 0, 2: 0, 3: 0, 4: 0}",1
1566,False,"{'a': 0.001, 'e': 0.20887902966927693}",25,17,15.071366815943442,"{0: 8, 1: 0, 2: 0, 3: 0, 4: 0}",1
1567,False,"{'a': 0.001, 'e': 0.20867025504431805}",20,6,16.268883643265035,"{0: 12, 1: 2, 2: 0, 3: 0, 4: 0}",1
1568,False,"{'a': 0.001, 'e': 0.20846168908963153}",20,10,-26.016070990366124,"{0: 9, 1: 0, 2: 0, 3: 0, 4: 1}",1
1569,False,"{'a': 0.001, 'e': 0.20825333159665155}",20,9,-4.103296534507891,"{0: 9, 1: 0, 2: 2, 3: 0, 4: 0}",1
1570,False,"{'a': 0.001, 'e': 0.20804518235702046}",25,11,13.025707077009317,"{0: 13, 1: 0, 2: 1, 3: 0, 4: 0}",1
1571,False,"{'a': 0.001, 'e': 0.20783724116258911}",20,10,-2.3472619811686863,"{0: 9, 1: 0, 2: 0, 3: 1, 4: 0}",1
1572,False,"{'a': 0.001, 'e': 0.2076295078054162}",25,19,-32.884521826701125,"{0: 5, 1: 0, 2: 0, 3: 0, 4: 1}",1
1573,False,"{'a': 0.001, 'e': 0.20742198207776844}",20,6,10.235225893648915,"{0: 13, 1: 0, 2: 1, 3: 0, 4: 0}",1
1574,False,"{'a': 0.001, 'e': 0.20721466377212}",20,0,-5.539667155138352,"{0: 18, 1: 0, 2: 1, 3: 1, 4: 0}",0
1575,False,"{'a': 0.001, 'e': 0.20700755268115265}",30,12,-26.6258953202737,"{0: 15, 1: 1, 2: 1, 3: 0, 4: 1}",1
1576,False,"{'a': 0.001, 'e': 0.20680064859775515}",20,6,-19.94724412704733,"{0: 13, 1: 0, 2: 0, 3: 0, 4: 1}",1
1577,False,"{'a': 0.001, 'e': 0.20659395131502356}",25,11,27.01714202128972,"{0: 14, 1: 0, 2: 0, 3: 0, 4: 0}",1
1578,False,"{'a': 0.001, 'e': 0.20638746062626045}",20,4,-17.05357555120489,"{0: 13, 1: 1, 2: 1, 3: 1, 4: 0}",1
1579,False,"{'a': 0.001, 'e': 0.20618117632497523}",20,13,-11.20522871643185,"{0: 5, 1: 0, 2: 2, 3: 0, 4: 0}",1
1580,False,"{'a': 0.001, 'e': 0.20597509820488344}",30,21,-0.9846961626981185,"{0: 7, 1: 1, 2: 1, 3: 0, 4: 0}",1
1581,False,"{'a': 0.001, 'e': 0.20576922605990708}",20,8,9.155996453794433,"{0: 11, 1: 0, 2: 1, 3: 0, 4: 0}",1
1582,False,"{'a': 0.001, 'e': 0.2055635596841739}",25,11,-14.694034593368608,"{0: 13, 1: 0, 2: 0, 3: 0, 4: 1}",1
1583,False,"{'a': 0.001, 'e': 0.20535809887201756}",20,16,8.106253310536033,"{0: 4, 1: 0, 2: 0, 3: 0, 4: 0}",1
1584,False,"{'a': 0.001, 'e': 0.20515284341797715}",20,3,-26.120098204435457,"{0: 15, 1: 0, 2: 1, 3: 0, 4: 1}",1
1585,False,"{'a': 0.001, 'e': 0.2049477931167973}",25,0,-14.324481768392241,"{0: 23, 1: 1, 2: 0, 3: 0, 4: 1}",0
1586,False,"{'a': 0.001, 'e': 0.20474294776342764}",25,10,-7.2114037346604505,"{0: 12, 1: 1, 2: 2, 3: 0, 4: 0}",1
1587,False,"{'a': 0.001, 'e': 0.2045383071530228}",25,7,7.300242578412368,"{0: 16, 1: 1, 2: 0, 3: 1, 4: 0}",1
1588,False,"{'a': 0.001, 'e': 0.20433387108094214}",20,9,-17.958696337257308,"{0: 8, 1: 0, 2: 3, 3: 0, 4: 0}",1
1589,False,"{'a': 0.001, 'e': 0.20412963934274964}",35,20,12.26108005532711,"{0: 14, 1: 0, 2: 1, 3: 0, 4: 0}",1
1590,False,"{'a': 0.001, 'e': 0.20392561173421342}",25,8,4.752364667171392,"{0: 15, 1: 0, 2: 2, 3: 0, 4: 0}",1
1591,False,"{'a': 0.001, 'e': 0.203721788051306}",20,2,15.885439239625065,"{0: 17, 1: 0, 2: 1, 3: 0, 4: 0}",1
1592,False,"{'a': 0.001, 'e': 0.20351816809020354}",20,13,12.642912966033395,"{0: 7, 1: 0, 2: 0, 3: 0, 4: 0}",1
1593,False,"{'a': 0.001, 'e': 0.20331475164728618}",25,10,30.420520728440962,"{0: 15, 1: 0, 2: 0, 3: 0, 4: 0}",1
1594,False,"{'a': 0.001, 'e': 0.20311153851913738}",20,10,15.78504977771355,"{0: 10, 1: 0, 2: 0, 3: 0, 4: 0}",1
1595,False,"{'a': 0.001, 'e': 0.20290852850254407}",25,10,7.949831686788835,"{0: 13, 1: 1, 2: 1, 3: 0, 4: 0}",1
1596,False,"{'a': 0.001, 'e': 0.2027057213944961}",20,3,-52.920392061025325,"{0: 13, 1: 0, 2: 3, 3: 0, 4: 1}",1
1597,False,"{'a': 0.001, 'e': 0.20250311699218648}",25,20,10.002216433783323,"{0: 5, 1: 0, 2: 0, 3: 0, 4: 0}",1
1598,False,"{'a': 0.001, 'e': 0.2023007150930107}",25,8,-33.77410540505585,"{0: 14, 1: 1, 2: 1, 3: 0, 4: 1}",1
1599,False,"{'a': 0.001, 'e': 0.2020985154945669}",30,16,25.732111566840697,"{0: 14, 1: 0, 2: 0, 3: 0, 4: 0}",1
1600,False,"{'a': 0.001, 'e': 0.20189651799465538}",25,12,0.6439824319450471,"{0: 12, 1: 0, 2: 0, 3: 1, 4: 0}",1
1601,False,"{'a': 0.001, 'e': 0.20169472239127875}",20,14,10.688862350607982,"{0: 6, 1: 0, 2: 0, 3: 0, 4: 0}",1
1602,False,"{'a': 0.001, 'e': 0.20149312848264125}",30,22,14.379473847835401,"{0: 8, 1: 0, 2: 0, 3: 0, 4: 0}",1
1603,False,"{'a': 0.001, 'e': 0.2012917360671491}",25,0,2.386544087597745,"{0: 21, 1: 3, 2: 1, 3: 0, 4: 0}",0
1604,False,"{'a': 0.001, 'e': 0.20109054494340972}",25,8,25.891517241798756,"{0: 17, 1: 0, 2: 0, 3: 0, 4: 0}",1
1605,False,"{'a': 0.001, 'e': 0.20088955491023208}",25,3,40.123467718289135,"{0: 22, 1: 0, 2: 0, 3: 0, 4: 0}",1
1606,False,"{'a': 0.001, 'e': 0.20068876576662606}",25,13,8.561952297452622,"{0: 11, 1: 0, 2: 1, 3: 0, 4: 0}",1
1607,False,"{'a': 0.001, 'e': 0.20048817731180257}",30,22,11.223074973856813,"{0: 8, 1: 0, 2: 0, 3: 0, 4: 0}",1
1608,False,"{'a': 0.001, 'e': 0.20028778934517305}",35,17,13.994374492685742,"{0: 16, 1: 1, 2: 1, 3: 0, 4: 0}",1
1609,False,"{'a': 0.001, 'e': 0.20008760166634962}",25,9,-27.551981248883312,"{0: 14, 1: 0, 2: 1, 3: 0, 4: 1}",1
1610,False,"{'a': 0.001, 'e': 0.1998876140751445}",20,13,-28.755039167612026,"{0: 6, 1: 0, 2: 0, 3: 0, 4: 1}",1
1611,False,"{'a': 0.001, 'e': 0.19968782637157012}",20,10,12.804771236161049,"{0: 9, 1: 1, 2: 0, 3: 0, 4: 0}",1
1612,False,"{'a': 0.001, 'e': 0.19948823835583873}",20,4,28.304243064825346,"{0: 16, 1: 0, 2: 0, 3: 0, 4: 0}",1
1613,False,"{'a': 0.001, 'e': 0.19928884982836237}",20,0,-2.633777651257737,"{0: 17, 1: 0, 2: 3, 3: 0, 4: 0}",0
1614,False,"{'a': 0.001, 'e': 0.1990896605897524}",20,12,-8.361247719474559,"{0: 7, 1: 0, 2: 0, 3: 1, 4: 0}",1
1615,False,"{'a': 0.001, 'e': 0.19889067044081962}",20,9,21.914889121137676,"{0: 11, 1: 0, 2: 0, 3: 0, 4: 0}",1
1616,False,"{'a': 0.001, 'e': 0.19869187918257386}",20,4,26.562275592703145,"{0: 16, 1: 0, 2: 0, 3: 0, 4: 0}",1
1617,False,"{'a': 0.001, 'e': 0.19849328661622387}",20,0,30.374306505288576,"{0: 20, 1: 0, 2: 0, 3: 0, 4: 0}",0
1618,False,"{'a': 0.001, 'e': 0.19829489254317698}",20,0,-24.739638288074712,"{0: 18, 1: 0, 2: 1, 3: 0, 4: 1}",0
1619,False,"{'a': 0.001, 'e': 0.19809669676503922}",20,0,-37.48846228323967,"{0: 17, 1: 0, 2: 2, 3: 0, 4: 1}",1
1620,False,"{'a': 0.001, 'e': 0.19789869908361465}",25,12,0.002536907129946142,"{0: 11, 1: 0, 2: 2, 3: 0, 4: 0}",1
1621,False,"{'a': 0.001, 'e': 0.19770089930090573}",20,12,12.843257202438137,"{0: 8, 1: 0, 2: 0, 3: 0, 4: 0}",1
1622,False,"{'a': 0.001, 'e': 0.19750329721911256}",20,6,-18.641570543759272,"{0: 13, 1: 0, 2: 0, 3: 0, 4: 1}",1
1623,False,"{'a': 0.001, 'e': 0.19730589264063308}",35,11,-56.55526103576826,"{0: 20, 1: 1, 2: 1, 3: 0, 4: 2}",1
1624,False,"{'a': 0.001, 'e': 0.19710868536806264}",30,14,13.873952363966083,"{0: 15, 1: 0, 2: 1, 3: 0, 4: 0}",1
1625,False,"{'a': 0.001, 'e': 0.19691167520419406}",20,6,12.292700298388468,"{0: 13, 1: 0, 2: 1, 3: 0, 4: 0}",1
1626,False,"{'a': 0.001, 'e': 0.19671486195201704}",35,21,19.19708862001626,"{0: 13, 1: 1, 2: 0, 3: 0, 4: 0}",1
1627,False,"{'a': 0.001, 'e': 0.19651824541471838}",20,9,21.616410898251726,"{0: 11, 1: 0, 2: 0, 3: 0, 4: 0}",1
1628,False,"{'a': 0.001, 'e': 0.1963218253956815}",25,0,1.7032537267561219,"{0: 22, 1: 0, 2: 3, 3: 0, 4: 0}",0
1629,False,"{'a': 0.001, 'e': 0.19612560169848642}",20,9,7.082536441773405,"{0: 10, 1: 0, 2: 1, 3: 0, 4: 0}",1
1630,False,"{'a': 0.001, 'e': 0.19592957412690934}",25,19,11.718251081885677,"{0: 6, 1: 0, 2: 0, 3: 0, 4: 0}",1
1631,False,"{'a': 0.001, 'e': 0.19573374248492273}",30,9,6.324326377278279,"{0: 17, 1: 3, 2: 1, 3: 0, 4: 0}",1
1632,False,"{'a': 0.001, 'e': 0.1955381065766949}",30,11,31.63746447415105,"{0: 19, 1: 0, 2: 0, 3: 0, 4: 0}",1
1633,False,"{'a': 0.001, 'e': 0.19534266620658997}",20,10,2.6189758538160675,"{0: 9, 1: 0, 2: 1, 3: 0, 4: 0}",1
1634,False,"{'a': 0.001, 'e': 0.1951474211791675}",25,14,16.85322035800334,"{0: 11, 1: 0, 2: 0, 3: 0, 4: 0}",1
1635,False,"{'a': 0.001, 'e': 0.1949523712991825}",30,17,22.509399633036217,"{0: 13, 1: 0, 2: 0, 3: 0, 4: 0}",1
1636,False,"{'a': 0.001, 'e': 0.194757516371585}",30,15,26.302816344488836,"{0: 15, 1: 0, 2: 0, 3: 0, 4: 0}",1
1637,False,"{'a': 0.001, 'e': 0.19456285620152014}",25,15,8.890515504635585,"{0: 9, 1: 0, 2: 1, 3: 0, 4: 0}",1
1638,False,"{'a': 0.001, 'e': 0.19436839059432767}",20,13,13.561596508511368,"{0: 7, 1: 0, 2: 0, 3: 0, 4: 0}",1
1639,False,"{'a': 0.001, 'e': 0.19417411935554202}",35,19,-9.188146186569448,"{0: 12, 1: 2, 2: 2, 3: 0, 4: 0}",1
1640,False,"{'a': 0.001, 'e': 0.19398004229089189}",25,16,5.925389985642919,"{0: 8, 1: 0, 2: 1, 3: 0, 4: 0}",1
1641,False,"{'a': 0.001, 'e': 0.1937861592063002}",25,0,27.349198948288308,"{0: 23, 1: 2, 2: 0, 3: 0, 4: 0}",0
1642,False,"{'a': 0.001, 'e': 0.1935924699078839}",20,8,20.90699346350664,"{0: 12, 1: 0, 2: 0, 3: 0, 4: 0}",1
1643,False,"{'a': 0.001, 'e': 0.19339897420195362}",20,10,18.642257951175655,"{0: 10, 1: 0, 2: 0, 3: 0, 4: 0}",1
1644,False,"{'a': 0.001, 'e': 0.19320567189501364}",25,18,13.555421880142484,"{0: 7, 1: 0, 2: 0, 3: 0, 4: 0}",1
1645,False,"{'a': 0.001, 'e': 0.19301256279376172}",20,9,20.689733495402574,"{0: 11, 1: 0, 2: 0, 3: 0, 4: 0}",1
1646,False,"{'a': 0.001, 'e': 0.1928196467050886}",25,13,-31.683934387540134,"{0: 10, 1: 0, 2: 1, 3: 0, 4: 1}",1
1647,False,"{'a': 0.001, 'e': 0.19262692343607832}",25,20,9.151669971250291,"{0: 5, 1: 0, 2: 0, 3: 0, 4: 0}",1
1648,False,"{'a': 0.001, 'e': 0.19243439279400748}",30,19,9.450478149615563,"{0: 10, 1: 0, 2: 1, 3: 0, 4: 0}",1
1649,False,"{'a': 0.001, 'e': 0.1922420545863455}",20,12,18.43261860286353,"{0: 8, 1: 0, 2: 0, 3: 0, 4: 0}",1
1650,False,"{'a': 0.001, 'e': 0.19204990862075408}",20,13,13.262233855793758,"{0: 7, 1: 0, 2: 0, 3: 0, 4: 0}",1
1651,False,"{'a': 0.001, 'e': 0.19185795470508735}",20,16,6.4164898688813405,"{0: 4, 1: 0, 2: 0, 3: 0, 4: 0}",1
1652,False,"{'a': 0.001, 'e': 0.19166619264739126}",20,8,20.282305374044235,"{0: 12, 1: 0, 2: 0, 3: 0, 4: 0}",1
1653,False,"{'a': 0.001, 'e': 0.19147462225590384}",20,12,15.894406142592464,"{0: 8, 1: 0, 2: 0, 3: 0, 4: 0}",1
1654,False,"{'a': 0.001, 'e': 0.19128324333905458}",20,6,-12.981063410346517,"{0: 11, 1: 2, 2: 0, 3: 1, 4: 0}",1
1655,False,"{'a': 0.001, 'e': 0.19109205570546464}",20,10,-78.86616597706704,"{0: 7, 1: 0, 2: 1, 3: 0, 4: 2}",1
1656,False,"{'a': 0.001, 'e': 0.19090105916394629}",20,15,-1.1430542494661724,"{0: 4, 1: 0, 2: 1, 3: 0, 4: 0}",1
1657,False,"{'a': 0.001, 'e': 0.19071025352350304}",25,9,13.061103776472267,"{0: 14, 1: 1, 2: 1, 3: 0, 4: 0}",1
1658,False,"{'a': 0.001, 'e': 0.19051963859332918}",30,0,-17.29424857890889,"{0: 27, 1: 0, 2: 2, 3: 0, 4: 1}",0
1659,False,"{'a': 0.001, 'e': 0.19032921418280985}",25,17,16.69875383886508,"{0: 8, 1: 0, 2: 0, 3: 0, 4: 0}",1
1660,False,"{'a': 0.001, 'e': 0.1901389801015205}",25,1,-11.279740533468413,"{0: 20, 1: 0, 2: 4, 3: 0, 4: 0}",1
1661,False,"{'a': 0.001, 'e': 0.18994893615922714}",25,19,11.811551639090869,"{0: 6, 1: 0, 2: 0, 3: 0, 4: 0}",1
1662,False,"{'a': 0.001, 'e': 0.18975908216588572}",20,13,9.445491257303434,"{0: 6, 1: 1, 2: 0, 3: 0, 4: 0}",1
1663,False,"{'a': 0.001, 'e': 0.18956941793164234}",20,11,15.459806160749709,"{0: 9, 1: 0, 2: 0, 3: 0, 4: 0}",1
1664,False,"{'a': 0.001, 'e': 0.18937994326683263}",20,6,25.29898390163919,"{0: 14, 1: 0, 2: 0, 3: 0, 4: 0}",1
1665,False,"{'a': 0.001, 'e': 0.18919065798198204}",20,16,5.969567910212221,"{0: 4, 1: 0, 2: 0, 3: 0, 4: 0}",1
1666,False,"{'a': 0.001, 'e': 0.18900156188780515}",20,13,-6.369703370375845,"{0: 5, 1: 1, 2: 1, 3: 0, 4: 0}",1
1667,False,"{'a': 0.001, 'e': 0.1888126547952059}",20,0,18.841336885553552,"{0: 18, 1: 2, 2: 0, 3: 0, 4: 0}",0
1668,False,"{'a': 0.001, 'e': 0.1886239365152772}",20,12,0.8499777264350401,"{0: 7, 1: 0, 2: 1, 3: 0, 4: 0}",1
1669,False,"{'a': 0.001, 'e': 0.18843540685930069}",20,0,29.700322836451107,"{0: 20, 1: 0, 2: 0, 3: 0, 4: 0}",0
1670,False,"{'a': 0.001, 'e': 0.1882470656387468}",20,16,8.337372155094481,"{0: 4, 1: 0, 2: 0, 3: 0, 4: 0}",1
1671,False,"{'a': 0.001, 'e': 0.18805891266527416}",25,17,3.7455734840992516,"{0: 7, 1: 0, 2: 1, 3: 0, 4: 0}",1
1672,False,"{'a': 0.001, 'e': 0.18787094775072993}",30,18,-10.685187788715144,"{0: 10, 1: 0, 2: 1, 3: 1, 4: 0}",1
1673,False,"{'a': 0.001, 'e': 0.18768317070714904}",25,17,14.451305225083221,"{0: 8, 1: 0, 2: 0, 3: 0, 4: 0}",1
1674,False,"{'a': 0.001, 'e': 0.18749558134675456}",20,16,4.665013908494179,"{0: 4, 1: 0, 2: 0, 3: 0, 4: 0}",1
1675,False,"{'a': 0.001, 'e': 0.18730817948195702}",20,11,18.503282051559573,"{0: 9, 1: 0, 2: 0, 3: 0, 4: 0}",1
1676,False,"{'a': 0.001, 'e': 0.1871209649253546}",20,13,13.80131043207668,"{0: 7, 1: 0, 2: 0, 3: 0, 4: 0}",1
1677,False,"{'a': 0.001, 'e': 0.18693393748973264}",25,12,6.959139150528019,"{0: 11, 1: 1, 2: 1, 3: 0, 4: 0}",1
1678,False,"{'a': 0.001, 'e': 0.1867470969880638}",20,6,21.054810228301044,"{0: 14, 1: 0, 2: 0, 3: 0, 4: 0}",1
1679,False,"{'a': 0.001, 'e': 0.18656044323350748}",20,0,18.37094958654446,"{0: 19, 1: 0, 2: 1, 3: 0, 4: 0}",0
1680,False,"{'a': 0.001, 'e': 0.18637397603940997}",35,18,-2.762267709707414,"{0: 14, 1: 1, 2: 2, 3: 0, 4: 0}",1
1681,False,"{'a': 0.001, 'e': 0.186187695219304}",20,7,-21.04718901719627,"{0: 12, 1: 0, 2: 0, 3: 0, 4: 1}",1
1682,False,"{'a': 0.001, 'e': 0.1860016005869088}",30,16,27.222480213708007,"{0: 14, 1: 0, 2: 0, 3: 0, 4: 0}",1
1683,False,"{'a': 0.001, 'e': 0.18581569195612965}",25,11,7.461156649321617,"{0: 12, 1: 1, 2: 1, 3: 0, 4: 0}",1
1684,False,"{'a': 0.001, 'e': 0.18562996914105798}",20,6,10.97762586492332,"{0: 13, 1: 0, 2: 1, 3: 0, 4: 0}",1
1685,False,"{'a': 0.001, 'e': 0.18544443195597088}",25,13,23.07532025723497,"{0: 12, 1: 0, 2: 0, 3: 0, 4: 0}",1
1686,False,"{'a': 0.001, 'e': 0.18525908021533122}",20,7,24.586498003565602,"{0: 13, 1: 0, 2: 0, 3: 0, 4: 0}",1
1687,False,"{'a': 0.001, 'e': 0.18507391373378718}",25,16,16.31296705327804,"{0: 9, 1: 0, 2: 0, 3: 0, 4: 0}",1
1688,False,"{'a': 0.001, 'e': 0.18488893232617234}",25,10,11.842417719172134,"{0: 13, 1: 1, 2: 1, 3: 0, 4: 0}",1
1689,False,"{'a': 0.001, 'e': 0.1847041358075052}",30,18,-16.115272668229082,"{0: 11, 1: 0, 2: 0, 3: 0, 4: 1}",1
1690,False,"{'a': 0.001, 'e': 0.18451952399298926}",20,11,19.97047033441602,"{0: 9, 1: 0, 2: 0, 3: 0, 4: 0}",1
1691,False,"{'a': 0.001, 'e': 0.1843350966980127}",20,13,2.0868638140243325,"{0: 6, 1: 0, 2: 1, 3: 0, 4: 0}",1
1692,False,"{'a': 0.001, 'e': 0.1841508537381482}",30,5,13.551187402733943,"{0: 23, 1: 0, 2: 2, 3: 0, 4: 0}",1
1693,False,"{'a': 0.001, 'e': 0.18396679492915277}",30,11,6.163569986140091,"{0: 17, 1: 0, 2: 2, 3: 0, 4: 0}",1
1694,False,"{'a': 0.001, 'e': 0.18378292008696764}",30,4,39.57075671022259,"{0: 26, 1: 0, 2: 0, 3: 0, 4: 0}",1
1695,False,"{'a': 0.001, 'e': 0.18359922902771786}",30,5,12.613813525223815,"{0: 23, 1: 1, 2: 0, 3: 1, 4: 0}",1
1696,False,"{'a': 0.001, 'e': 0.18341572156771246}",20,9,17.827840882203514,"{0: 11, 1: 0, 2: 0, 3: 0, 4: 0}",1
1697,False,"{'a': 0.001, 'e': 0.18323239752344386}",30,8,29.122525715074097,"{0: 21, 1: 1, 2: 0, 3: 0, 4: 0}",1
1698,False,"{'a': 0.001, 'e': 0.18304925671158812}",30,15,6.148577984529884,"{0: 13, 1: 0, 2: 2, 3: 0, 4: 0}",1
1699,False,"{'a': 0.001, 'e': 0.18286629894900427}",25,0,23.11215193940978,"{0: 24, 1: 0, 2: 1, 3: 0, 4: 0}",0
1700,False,"{'a': 0.001, 'e': 0.18268352405273466}",25,9,-8.881677302207533,"{0: 13, 1: 0, 2: 3, 3: 0, 4: 0}",1
1701,False,"{'a': 0.001, 'e': 0.1825009318400043}",20,10,19.70615716796958,"{0: 10, 1: 0, 2: 0, 3: 0, 4: 0}",1
1702,False,"{'a': 0.001, 'e': 0.182318522128221}",20,13,0.5340041933918929,"{0: 6, 1: 0, 2: 1, 3: 0, 4: 0}",1
1703,False,"{'a': 0.001, 'e': 0.182136294734975}",35,22,5.230646685263622,"{0: 12, 1: 0, 2: 0, 3: 1, 4: 0}",1
1704,False,"{'a': 0.001, 'e': 0.18195424947803895}",25,15,-1.197604483626729,"{0: 8, 1: 1, 2: 1, 3: 0, 4: 0}",1
1705,False,"{'a': 0.001, 'e': 0.1817723861753675}",30,14,-55.42271049230424,"{0: 13, 1: 0, 2: 0, 3: 2, 4: 1}",1
1706,False,"{'a': 0.001, 'e': 0.1815907046450974}",25,13,11.679481069919925,"{0: 11, 1: 0, 2: 1, 3: 0, 4: 0}",1
1707,False,"{'a': 0.001, 'e': 0.18140920470554706}",30,22,15.82018892164022,"{0: 8, 1: 0, 2: 0, 3: 0, 4: 0}",1
1708,False,"{'a': 0.001, 'e': 0.1812278861752166}",35,17,18.65735751171798,"{0: 17, 1: 0, 2: 1, 3: 0, 4: 0}",1
1709,False,"{'a': 0.001, 'e': 0.18104674887278735}",20,11,18.64260984563825,"{0: 9, 1: 0, 2: 0, 3: 0, 4: 0}",1
1710,False,"{'a': 0.001, 'e': 0.1808657926171221}",30,18,21.15830387086933,"{0: 12, 1: 0, 2: 0, 3: 0, 4: 0}",1
1711,False,"{'a': 0.001, 'e': 0.1806850172272645}",20,13,13.742073789232673,"{0: 7, 1: 0, 2: 0, 3: 0, 4: 0}",1
1712,False,"{'a': 0.001, 'e': 0.18050442252243923}",20,8,-43.68392238075464,"{0: 9, 1: 0, 2: 2, 3: 0, 4: 1}",1
1713,False,"{'a': 0.001, 'e': 0.18032400832205148}",20,16,9.725550049755899,"{0: 4, 1: 0, 2: 0, 3: 0, 4: 0}",1
1714,False,"{'a': 0.001, 'e': 0.1801437744456871}",20,6,23.546342300374402,"{0: 14, 1: 0, 2: 0, 3: 0, 4: 0}",1
1715,False,"{'a': 0.001, 'e': 0.17996372071311217}",30,20,18.298809934749872,"{0: 10, 1: 0, 2: 0, 3: 0, 4: 0}",1
1716,False,"{'a': 0.001, 'e': 0.17978384694427296}",20,8,23.495111195445176,"{0: 12, 1: 0, 2: 0, 3: 0, 4: 0}",1
1717,False,"{'a': 0.001, 'e': 0.17960415295929566}",30,20,11.648144474636558,"{0: 9, 1: 0, 2: 1, 3: 0, 4: 0}",1
1718,False,"{'a': 0.001, 'e': 0.17942463857848634}",30,18,22.36445732515368,"{0: 12, 1: 0, 2: 0, 3: 0, 4: 0}",1
1719,False,"{'a': 0.001, 'e': 0.1792453036223305}",35,20,18.984242152840856,"{0: 14, 1: 0, 2: 1, 3: 0, 4: 0}",1
1720,False,"{'a': 0.001, 'e': 0.17906614791149322}",25,8,-0.30153877360850423,"{0: 15, 1: 0, 2: 1, 3: 1, 4: 0}",1
1721,False,"{'a': 0.001, 'e': 0.17888717126681877}",25,15,6.970183755162583,"{0: 9, 1: 0, 2: 1, 3: 0, 4: 0}",1
1722,False,"{'a': 0.001, 'e': 0.17870837350933053}",25,11,-5.862552783250562,"{0: 12, 1: 1, 2: 0, 3: 1, 4: 0}",1
1723,False,"{'a': 0.001, 'e': 0.17852975446023064}",20,2,17.309830297618934,"{0: 17, 1: 0, 2: 1, 3: 0, 4: 0}",1
1724,False,"{'a': 0.001, 'e': 0.17835131394090015}",25,14,21.530578602984754,"{0: 11, 1: 0, 2: 0, 3: 0, 4: 0}",1
1725,False,"{'a': 0.001, 'e': 0.1781730517728984}",30,8,-9.917820310700787,"{0: 18, 1: 1, 2: 3, 3: 0, 4: 0}",1
1726,False,"{'a': 0.001, 'e': 0.17799496777796334}",25,8,29.643802315647264,"{0: 17, 1: 0, 2: 0, 3: 0, 4: 0}",1
1727,False,"{'a': 0.001, 'e': 0.17781706177801082}",20,16,7.962132677049815,"{0: 4, 1: 0, 2: 0, 3: 0, 4: 0}",1
1728,False,"{'a': 0.001, 'e': 0.17763933359513495}",25,19,11.426510390655537,"{0: 6, 1: 0, 2: 0, 3: 0, 4: 0}",1
1729,False,"{'a': 0.001, 'e': 0.17746178305160745}",20,8,-15.855242177348488,"{0: 10, 1: 0, 2: 1, 3: 1, 4: 0}",1
1730,False,"{'a': 0.001, 'e': 0.17728440996987782}",25,3,35.864263774943716,"{0: 22, 1: 0, 2: 0, 3: 0, 4: 0}",1
1731,False,"{'a': 0.001, 'e': 0.17710721417257289}",20,12,14.53510300982753,"{0: 8, 1: 0, 2: 0, 3: 0, 4: 0}",1
1732,False,"{'a': 0.001, 'e': 0.17693019548249692}",25,16,-35.53363882324896,"{0: 7, 1: 1, 2: 0, 3: 0, 4: 1}",1
1733,False,"{'a': 0.001, 'e': 0.17675335372263115}",25,18,-6.695890047407104,"{0: 6, 1: 0, 2: 0, 3: 1, 4: 0}",1
1734,False,"{'a': 0.001, 'e': 0.17657668871613388}",30,2,-46.69338892025691,"{0: 22, 1: 2, 2: 3, 3: 0, 4: 1}",1
1735,False,"{'a': 0.001, 'e': 0.17640020028634}",20,10,18.829685551687636,"{0: 10, 1: 0, 2: 0, 3: 0, 4: 0}",1
1736,False,"{'a': 0.001, 'e': 0.1762238882567611}",20,8,19.615449681932613,"{0: 12, 1: 0, 2: 0, 3: 0, 4: 0}",1
1737,False,"{'a': 0.001, 'e': 0.17604775245108517}",30,24,13.553496970972155,"{0: 6, 1: 0, 2: 0, 3: 0, 4: 0}",1
1738,False,"{'a': 0.001, 'e': 0.17587179269317638}",25,8,32.563837085082646,"{0: 17, 1: 0, 2: 0, 3: 0, 4: 0}",1
1739,False,"{'a': 0.001, 'e': 0.17569600880707487}",30,21,-4.584069001427857,"{0: 6, 1: 3, 2: 0, 3: 0, 4: 0}",1
1740,False,"{'a': 0.001, 'e': 0.17552040061699686}",25,13,-2.5359322796069907,"{0: 10, 1: 0, 2: 2, 3: 0, 4: 0}",1
1741,False,"{'a': 0.001, 'e': 0.1753449679473341}",25,10,22.49110727598712,"{0: 14, 1: 1, 2: 0, 3: 0, 4: 0}",1
1742,False,"{'a': 0.001, 'e': 0.17516971062265388}",25,17,14.367212039544974,"{0: 8, 1: 0, 2: 0, 3: 0, 4: 0}",1
1743,False,"{'a': 0.001, 'e': 0.17499462846769887}",25,15,8.070919136609993,"{0: 9, 1: 0, 2: 1, 3: 0, 4: 0}",1
1744,False,"{'a': 0.001, 'e': 0.17481972130738693}",35,25,-23.87779826376604,"{0: 9, 1: 0, 2: 0, 3: 0, 4: 1}",1
1745,False,"{'a': 0.001, 'e': 0.17464498896681085}",20,13,-30.186027544598847,"{0: 6, 1: 0, 2: 0, 3: 0, 4: 1}",1
1746,False,"{'a': 0.001, 'e': 0.17447043127123832}",30,21,8.97450755999432,"{0: 8, 1: 1, 2: 0, 3: 0, 4: 0}",1
1747,False,"{'a': 0.001, 'e': 0.17429604804611157}",20,10,1.5332708936447386,"{0: 8, 1: 1, 2: 1, 3: 0, 4: 0}",1
1748,False,"{'a': 0.001, 'e': 0.1741218391170474}",25,19,7.780318719216043,"{0: 6, 1: 0, 2: 0, 3: 0, 4: 0}",1
1749,False,"{'a': 0.001, 'e': 0.17394780430983683}",25,2,-3.865928680375287,"{0: 22, 1: 0, 2: 0, 3: 0, 4: 1}",1
1750,False,"{'a': 0.001, 'e': 0.17377394345044514}",20,0,25.595824816556405,"{0: 20, 1: 0, 2: 0, 3: 0, 4: 0}",0
1751,False,"{'a': 0.001, 'e': 0.1736002563650113}",30,18,23.38102685486535,"{0: 12, 1: 0, 2: 0, 3: 0, 4: 0}",1
1752,False,"{'a': 0.001, 'e': 0.17342674287984836}",30,12,26.72396467659966,"{0: 18, 1: 0, 2: 0, 3: 0, 4: 0}",1
1753,False,"{'a': 0.001, 'e': 0.1732534028214427}",20,13,12.726302391162452,"{0: 7, 1: 0, 2: 0, 3: 0, 4: 0}",1
1754,False,"{'a': 0.001, 'e': 0.17308023601645434}",25,12,18.4666059519715,"{0: 12, 1: 1, 2: 0, 3: 0, 4: 0}",1
1755,False,"{'a': 0.001, 'e': 0.17290724229171636}",30,22,16.610586399748577,"{0: 8, 1: 0, 2: 0, 3: 0, 4: 0}",1
1756,False,"{'a': 0.001, 'e': 0.17273442147423515}",25,15,1.1978454279163766,"{0: 9, 1: 0, 2: 1, 3: 0, 4: 0}",1
1757,False,"{'a': 0.001, 'e': 0.17256177339118975}",25,11,-47.28699648383716,"{0: 11, 1: 1, 2: 0, 3: 1, 4: 1}",1
1758,False,"{'a': 0.001, 'e': 0.17238929786993218}",20,0,2.4322401601391705,"{0: 19, 1: 0, 2: 0, 3: 1, 4: 0}",0
1759,False,"{'a': 0.001, 'e': 0.1722169947379868}",20,12,15.600965175987268,"{0: 8, 1: 0, 2: 0, 3: 0, 4: 0}",1
1760,False,"{'a': 0.001, 'e': 0.17204486382305054}",20,16,7.235490895263725,"{0: 4, 1: 0, 2: 0, 3: 0, 4: 0}",1
1761,False,"{'a': 0.001, 'e': 0.1718729049529924}",25,19,-1.0527662546285148,"{0: 5, 1: 0, 2: 1, 3: 0, 4: 0}",1
1762,False,"{'a': 0.001, 'e': 0.17170111795585358}",30,10,-14.376689480304954,"{0: 18, 1: 1, 2: 0, 3: 0, 4: 1}",1
1763,False,"{'a': 0.001, 'e': 0.17152950265984698}",20,13,16.4433066709094,"{0: 7, 1: 0, 2: 0, 3: 0, 4: 0}",1
1764,False,"{'a': 0.001, 'e': 0.17135805889335737}",30,22,7.7000958316845765,"{0: 7, 1: 1, 2: 0, 3: 0, 4: 0}",1
1765,False,"{'a': 0.001, 'e': 0.1711867864849409}",30,8,24.3936764982437,"{0: 21, 1: 0, 2: 1, 3: 0, 4: 0}",1
1766,False,"{'a': 0.001, 'e': 0.17101568526332522}",25,12,-37.94219520014055,"{0: 10, 1: 2, 2: 0, 3: 0, 4: 1}",1
1767,False,"{'a': 0.001, 'e': 0.170844755057409}",20,12,1.171075130299686,"{0: 7, 1: 0, 2: 1, 3: 0, 4: 0}",1
1768,False,"{'a': 0.001, 'e': 0.17067399569626215}",25,0,-33.0486113294547,"{0: 20, 1: 3, 2: 1, 3: 0, 4: 1}",0
1769,False,"{'a': 0.001, 'e': 0.17050340700912517}",20,12,15.254212916128168,"{0: 8, 1: 0, 2: 0, 3: 0, 4: 0}",1
1770,False,"{'a': 0.001, 'e': 0.17033298882540943}",20,9,12.487242979083994,"{0: 10, 1: 1, 2: 0, 3: 0, 4: 0}",1
1771,False,"{'a': 0.001, 'e': 0.1701627409746967}",20,11,10.344544979407699,"{0: 8, 1: 1, 2: 0, 3: 0, 4: 0}",1
1772,False,"{'a': 0.001, 'e': 0.16999266328673912}",20,4,5.364769933872944,"{0: 15, 1: 0, 2: 0, 3: 1, 4: 0}",1
1773,False,"{'a': 0.001, 'e': 0.16982275559145898}",25,16,14.510491412807891,"{0: 9, 1: 0, 2: 0, 3: 0, 4: 0}",1
1774,False,"{'a': 0.001, 'e': 0.1696530177189486}",20,0,-7.928140595473144,"{0: 16, 1: 1, 2: 3, 3: 0, 4: 0}",1
1775,False,"{'a': 0.001, 'e': 0.16948344949947006}",20,15,8.638811729761274,"{0: 5, 1: 0, 2: 0, 3: 0, 4: 0}",1
1776,False,"{'a': 0.001, 'e': 0.16931405076345518}",25,3,19.804237294380034,"{0: 21, 1: 0, 2: 1, 3: 0, 4: 0}",1
1777,False,"{'a': 0.001, 'e': 0.16914482134150513}",20,0,23.294338615365113,"{0: 19, 1: 0, 2: 1, 3: 0, 4: 0}",0
1778,False,"{'a': 0.001, 'e': 0.16897576106439058}",25,16,-6.504385232244088,"{0: 8, 1: 0, 2: 0, 3: 1, 4: 0}",1
1779,False,"{'a': 0.001, 'e': 0.1688068697630511}",25,16,-10.018365098372218,"{0: 7, 1: 1, 2: 0, 3: 1, 4: 0}",1
1780,False,"{'a': 0.001, 'e': 0.1686381472685955}",30,18,18.882810424334437,"{0: 12, 1: 0, 2: 0, 3: 0, 4: 0}",1
1781,False,"{'a': 0.001, 'e': 0.1684695934123012}",25,0,29.064161818758755,"{0: 24, 1: 0, 2: 1, 3: 0, 4: 0}",1
1782,False,"{'a': 0.001, 'e': 0.16830120802561438}",20,0,11.757157040368437,"{0: 18, 1: 1, 2: 1, 3: 0, 4: 0}",0
1783,False,"{'a': 0.001, 'e': 0.16813299094014955}",25,15,17.456389213271898,"{0: 10, 1: 0, 2: 0, 3: 0, 4: 0}",1
1784,False,"{'a': 0.001, 'e': 0.16796494198768974}",20,16,7.71255582100242,"{0: 4, 1: 0, 2: 0, 3: 0, 4: 0}",1
1785,False,"{'a': 0.001, 'e': 0.16779706100018585}",25,9,-11.982673706307121,"{0: 15, 1: 0, 2: 0, 3: 0, 4: 1}",1
1786,False,"{'a': 0.001, 'e': 0.167629347809757}",20,15,-1.9389472730086204,"{0: 4, 1: 0, 2: 1, 3: 0, 4: 0}",1
1787,False,"{'a': 0.001, 'e': 0.1674618022486899}",20,6,10.228838774870205,"{0: 13, 1: 0, 2: 1, 3: 0, 4: 0}",1
1788,False,"{'a': 0.001, 'e': 0.167294424149439}",20,8,23.57126796642959,"{0: 12, 1: 0, 2: 0, 3: 0, 4: 0}",1
1789,False,"{'a': 0.001, 'e': 0.1671272133446262}",25,16,15.142874994338701,"{0: 9, 1: 0, 2: 0, 3: 0, 4: 0}",1
1790,False,"{'a': 0.001, 'e': 0.1669601696670407}",30,3,-68.35906472915912,"{0: 23, 1: 0, 2: 2, 3: 0, 4: 2}",1
1791,False,"{'a': 0.001, 'e': 0.16679329294963874}",30,20,21.278390166006155,"{0: 10, 1: 0, 2: 0, 3: 0, 4: 0}",1
1792,False,"{'a': 0.001, 'e': 0.16662658302554365}",30,16,20.23305817090627,"{0: 13, 1: 1, 2: 0, 3: 0, 4: 0}",1
1793,False,"{'a': 0.001, 'e': 0.1664600397280455}",35,0,-31.420653332311545,"{0: 33, 1: 0, 2: 0, 3: 0, 4: 2}",0
1794,False,"{'a': 0.001, 'e': 0.16629366289060088}",35,17,-24.291022481660445,"{0: 16, 1: 0, 2: 1, 3: 0, 4: 1}",1
1795,False,"{'a': 0.001, 'e': 0.16612745234683307}",25,16,18.529247008750666,"{0: 9, 1: 0, 2: 0, 3: 0, 4: 0}",1
1796,False,"{'a': 0.001, 'e': 0.16596140793053138}",25,7,7.628066943361702,"{0: 16, 1: 0, 2: 2, 3: 0, 4: 0}",1
1797,False,"{'a': 0.001, 'e': 0.16579552947565152}",20,7,-27.7858629903636,"{0: 11, 1: 0, 2: 1, 3: 0, 4: 1}",1
1798,False,"{'a': 0.001, 'e': 0.16562981681631492}",20,6,29.33276222252238,"{0: 14, 1: 0, 2: 0, 3: 0, 4: 0}",1
1799,False,"{'a': 0.001, 'e': 0.16546426978680895}",25,0,-56.3958069818882,"{0: 22, 1: 0, 2: 1, 3: 0, 4: 2}",0
1800,False,"{'a': 0.001, 'e': 0.16529888822158653}",25,17,15.03683925572653,"{0: 8, 1: 0, 2: 0, 3: 0, 4: 0}",1
1801,False,"{'a': 0.001, 'e': 0.16513367195526615}",20,14,10.43417759956032,"{0: 6, 1: 0, 2: 0, 3: 0, 4: 0}",1
1802,False,"{'a': 0.001, 'e': 0.16496862082263145}",20,0,-20.281444580417066,"{0: 18, 1: 1, 2: 0, 3: 0, 4: 1}",0
1803,False,"{'a': 0.001, 'e': 0.16480373465863135}",20,12,1.1861129964741657,"{0: 7, 1: 0, 2: 1, 3: 0, 4: 0}",1
1804,False,"{'a': 0.001, 'e': 0.1646390132983796}",20,9,20.262359420383397,"{0: 11, 1: 0, 2: 0, 3: 0, 4: 0}",1
1805,False,"{'a': 0.001, 'e': 0.1644744565771549}",25,11,-41.313753212811086,"{0: 12, 1: 0, 2: 0, 3: 1, 4: 1}",1
1806,False,"{'a': 0.001, 'e': 0.16431006433040046}",30,15,9.449672462295172,"{0: 14, 1: 0, 2: 0, 3: 1, 4: 0}",1
1807,False,"{'a': 0.001, 'e': 0.16414583639372407}",20,8,-19.6084389556792,"{0: 11, 1: 0, 2: 0, 3: 0, 4: 1}",1
1808,False,"{'a': 0.001, 'e': 0.16398177260289773}",20,12,2.909117785321988,"{0: 7, 1: 0, 2: 1, 3: 0, 4: 0}",1
1809,False,"{'a': 0.001, 'e': 0.16381787279385768}",20,15,-0.9118510634316759,"{0: 4, 1: 0, 2: 1, 3: 0, 4: 0}",1
1810,False,"{'a': 0.001, 'e': 0.16365413680270405}",20,15,10.074529607858924,"{0: 5, 1: 0, 2: 0, 3: 0, 4: 0}",1
1811,False,"{'a': 0.001, 'e': 0.1634905644657009}",20,11,1.2300771894670166,"{0: 8, 1: 0, 2: 1, 3: 0, 4: 0}",1
1812,False,"{'a': 0.001, 'e': 0.1633271556192758}",20,12,15.576756878626533,"{0: 8, 1: 0, 2: 0, 3: 0, 4: 0}",1
1813,False,"{'a': 0.001, 'e': 0.16316391010001996}",25,9,29.288965369365275,"{0: 16, 1: 0, 2: 0, 3: 0, 4: 0}",1
1814,False,"{'a': 0.001, 'e': 0.16300082774468777}",20,8,11.417214624970681,"{0: 11, 1: 0, 2: 1, 3: 0, 4: 0}",1
1815,False,"{'a': 0.001, 'e': 0.16283790839019696}",20,13,13.40542858615895,"{0: 7, 1: 0, 2: 0, 3: 0, 4: 0}",1
1816,False,"{'a': 0.001, 'e': 0.16267515187362808}",30,13,-14.20197537834144,"{0: 16, 1: 0, 2: 0, 3: 0, 4: 1}",1
1817,False,"{'a': 0.001, 'e': 0.16251255803222467}",25,17,2.7110041280942143,"{0: 7, 1: 0, 2: 1, 3: 0, 4: 0}",1
1818,False,"{'a': 0.001, 'e': 0.16235012670339277}",25,11,15.942110586975337,"{0: 13, 1: 0, 2: 1, 3: 0, 4: 0}",1
1819,False,"{'a': 0.001, 'e': 0.16218785772470118}",35,18,26.806832045423942,"{0: 17, 1: 0, 2: 0, 3: 0, 4: 0}",1
1820,False,"{'a': 0.001, 'e': 0.16202575093388075}",20,3,25.61836885882241,"{0: 17, 1: 0, 2: 0, 3: 0, 4: 0}",1
1821,False,"{'a': 0.001, 'e': 0.16186380616882481}",20,6,26.702334477255523,"{0: 14, 1: 0, 2: 0, 3: 0, 4: 0}",1
1822,False,"{'a': 0.001, 'e': 0.1617020232675885}",25,8,30.379088455560378,"{0: 17, 1: 0, 2: 0, 3: 0, 4: 0}",1
1823,False,"{'a': 0.001, 'e': 0.16154040206838896}",20,0,18.408701206504464,"{0: 19, 1: 0, 2: 1, 3: 0, 4: 0}",0
1824,False,"{'a': 0.001, 'e': 0.16137894240960493}",35,15,16.57056736158627,"{0: 18, 1: 1, 2: 1, 3: 0, 4: 0}",1
1825,False,"{'a': 0.001, 'e': 0.16121764412977677}",25,14,-13.408341827835049,"{0: 9, 1: 0, 2: 1, 3: 1, 4: 0}",1
1826,False,"{'a': 0.001, 'e': 0.16105650706760616}",25,5,20.060628220864146,"{0: 18, 1: 1, 2: 1, 3: 0, 4: 0}",1
1827,False,"{'a': 0.001, 'e': 0.16089553106195606}",25,17,8.555886594782317,"{0: 7, 1: 1, 2: 0, 3: 0, 4: 0}",1
1828,False,"{'a': 0.001, 'e': 0.16073471595185038}",25,17,17.44413002765078,"{0: 8, 1: 0, 2: 0, 3: 0, 4: 0}",1
1829,False,"{'a': 0.001, 'e': 0.1605740615764741}",20,11,17.208656750480966,"{0: 9, 1: 0, 2: 0, 3: 0, 4: 0}",1
1830,False,"{'a': 0.001, 'e': 0.16041356777517274}",30,16,-26.407319219009512,"{0: 12, 1: 0, 2: 1, 3: 0, 4: 1}",1
1831,False,"{'a': 0.001, 'e': 0.16025323438745256}",25,3,19.739695952831482,"{0: 20, 1: 1, 2: 1, 3: 0, 4: 0}",1
1832,False,"{'a': 0.001, 'e': 0.1600930612529801}",25,15,21.428561516978775,"{0: 10, 1: 0, 2: 0, 3: 0, 4: 0}",1
1833,False,"{'a': 0.001, 'e': 0.15993304821158225}",30,23,7.919554777924061,"{0: 7, 1: 0, 2: 0, 3: 0, 4: 0}",1
1834,False,"{'a': 0.001, 'e': 0.15977319510324592}",20,9,10.070989125047483,"{0: 10, 1: 0, 2: 1, 3: 0, 4: 0}",1
1835,False,"{'a': 0.001, 'e': 0.15961350176811803}",25,8,34.84626792387295,"{0: 17, 1: 0, 2: 0, 3: 0, 4: 0}",1
1836,False,"{'a': 0.001, 'e': 0.15945396804650516}",20,11,-26.48683821440365,"{0: 8, 1: 0, 2: 0, 3: 0, 4: 1}",1
1837,False,"{'a': 0.001, 'e': 0.1592945937788737}",20,14,10.490489633527908,"{0: 6, 1: 0, 2: 0, 3: 0, 4: 0}",1
1838,False,"{'a': 0.001, 'e': 0.15913537880584921}",25,8,29.525575249639044,"{0: 17, 1: 0, 2: 0, 3: 0, 4: 0}",1
1839,False,"{'a': 0.001, 'e': 0.15897632296821687}",20,0,17.08197634705819,"{0: 18, 1: 1, 2: 1, 3: 0, 4: 0}",0
1840,False,"{'a': 0.001, 'e': 0.15881742610692068}",20,3,27.42936796789533,"{0: 17, 1: 0, 2: 0, 3: 0, 4: 0}",1
1841,False,"{'a': 0.001, 'e': 0.15865868806306388}",30,0,12.412640222035193,"{0: 26, 1: 2, 2: 2, 3: 0, 4: 0}",0
1842,False,"{'a': 0.001, 'e': 0.1585001086779083}",25,9,17.911462214251106,"{0: 15, 1: 0, 2: 1, 3: 0, 4: 0}",1
1843,False,"{'a': 0.001, 'e': 0.1583416877928747}",30,8,15.96005873071032,"{0: 20, 1: 0, 2: 2, 3: 0, 4: 0}",1
1844,False,"{'a': 0.001, 'e': 0.15818342524954201}",25,12,27.60545875626594,"{0: 13, 1: 0, 2: 0, 3: 0, 4: 0}",1
1845,False,"{'a': 0.001, 'e': 0.1580253208896478}",30,16,3.9293570350328326,"{0: 13, 1: 0, 2: 0, 3: 1, 4: 0}",1
1846,False,"{'a': 0.001, 'e': 0.1578673745550876}",25,17,15.145774180254039,"{0: 8, 1: 0, 2: 0, 3: 0, 4: 0}",1
1847,False,"{'a': 0.001, 'e': 0.15770958608791516}",20,14,12.42095831463656,"{0: 6, 1: 0, 2: 0, 3: 0, 4: 0}",1
1848,False,"{'a': 0.001, 'e': 0.15755195533034191}",20,10,3.412823723388163,"{0: 9, 1: 0, 2: 1, 3: 0, 4: 0}",1
1849,False,"{'a': 0.001, 'e': 0.15739448212473714}",25,17,5.691997135409735,"{0: 7, 1: 1, 2: 0, 3: 0, 4: 0}",1
1850,False,"{'a': 0.001, 'e': 0.1572371663136276}",35,24,3.856959933048969,"{0: 9, 1: 1, 2: 1, 3: 0, 4: 0}",1
1851,False,"{'a': 0.001, 'e': 0.1570800077396975}",25,16,4.104991355737115,"{0: 8, 1: 0, 2: 1, 3: 0, 4: 0}",1
1852,False,"{'a': 0.001, 'e': 0.1569230062457882}",20,8,18.46961946872837,"{0: 12, 1: 0, 2: 0, 3: 0, 4: 0}",1
1853,False,"{'a': 0.001, 'e': 0.15676616167489826}",25,18,4.488662630037114,"{0: 6, 1: 1, 2: 0, 3: 0, 4: 0}",1
1854,False,"{'a': 0.001, 'e': 0.156609473870183}",25,14,-11.362518978958148,"{0: 9, 1: 1, 2: 0, 3: 1, 4: 0}",1
1855,False,"{'a': 0.001, 'e': 0.15645294267495474}",20,11,15.105143027907678,"{0: 9, 1: 0, 2: 0, 3: 0, 4: 0}",1
1856,False,"{'a': 0.001, 'e': 0.15629656793268212}",35,23,21.53654942641239,"{0: 12, 1: 0, 2: 0, 3: 0, 4: 0}",1
1857,False,"{'a': 0.001, 'e': 0.15614034948699052}",20,14,13.270253626734753,"{0: 6, 1: 0, 2: 0, 3: 0, 4: 0}",1
1858,False,"{'a': 0.001, 'e': 0.15598428718166135}",20,13,-6.973274315263426,"{0: 5, 1: 1, 2: 1, 3: 0, 4: 0}",1
1859,False,"{'a': 0.001, 'e': 0.15582838086063242}",20,0,-13.055990074717476,"{0: 16, 1: 1, 2: 3, 3: 0, 4: 0}",1
1860,False,"{'a': 0.001, 'e': 0.1556726303679973}",25,13,24.006211374925723,"{0: 12, 1: 0, 2: 0, 3: 0, 4: 0}",1
1861,False,"{'a': 0.001, 'e': 0.15551703554800556}",20,7,-42.578972753584495,"{0: 11, 1: 0, 2: 0, 3: 1, 4: 1}",1
1862,False,"{'a': 0.001, 'e': 0.15536159624506227}",30,19,18.136672792004994,"{0: 11, 1: 0, 2: 0, 3: 0, 4: 0}",1
1863,False,"{'a': 0.001, 'e': 0.15520631230372822}",25,16,18.27484983010328,"{0: 9, 1: 0, 2: 0, 3: 0, 4: 0}",1
1864,False,"{'a': 0.001, 'e': 0.15505118356871936}",20,8,8.129281453730153,"{0: 11, 1: 0, 2: 1, 3: 0, 4: 0}",1
1865,False,"{'a': 0.001, 'e': 0.15489620988490704}",20,9,21.074467186416005,"{0: 11, 1: 0, 2: 0, 3: 0, 4: 0}",1
1866,False,"{'a': 0.001, 'e': 0.1547413910973175}",30,19,17.151241774718766,"{0: 11, 1: 0, 2: 0, 3: 0, 4: 0}",1
1867,False,"{'a': 0.001, 'e': 0.15458672705113194}",20,8,21.658311078703186,"{0: 12, 1: 0, 2: 0, 3: 0, 4: 0}",1
1868,False,"{'a': 0.001, 'e': 0.15443221759168632}",30,6,-17.577903617742507,"{0: 21, 1: 1, 2: 1, 3: 0, 4: 1}",1
1869,False,"{'a': 0.001, 'e': 0.15427786256447115}",30,6,27.507484573403488,"{0: 23, 1: 0, 2: 1, 3: 0, 4: 0}",1
1870,False,"{'a': 0.001, 'e': 0.1541236618151314}",20,10,21.651215838096142,"{0: 10, 1: 0, 2: 0, 3: 0, 4: 0}",1
1871,False,"{'a': 0.001, 'e': 0.15396961518946634}",25,18,1.1833123824107061,"{0: 6, 1: 0, 2: 1, 3: 0, 4: 0}",1
1872,False,"{'a': 0.001, 'e': 0.15381572253342926}",30,13,11.72922288726335,"{0: 15, 1: 0, 2: 2, 3: 0, 4: 0}",1
1873,False,"{'a': 0.001, 'e': 0.15366198369312759}",20,0,-18.93763966600048,"{0: 18, 1: 0, 2: 1, 3: 0, 4: 1}",1
1874,False,"{'a': 0.001, 'e': 0.15350839851482234}",30,19,18.387177285921958,"{0: 11, 1: 0, 2: 0, 3: 0, 4: 0}",1
1875,False,"{'a': 0.001, 'e': 0.15335496684492847}",30,15,2.4063912652032204,"{0: 13, 1: 0, 2: 2, 3: 0, 4: 0}",1
1876,False,"{'a': 0.001, 'e': 0.15320168853001417}",25,15,20.238368971375426,"{0: 10, 1: 0, 2: 0, 3: 0, 4: 0}",1
1877,False,"{'a': 0.001, 'e': 0.1530485634168012}",20,0,34.398070193941535,"{0: 20, 1: 0, 2: 0, 3: 0, 4: 0}",0
1878,False,"{'a': 0.001, 'e': 0.15289559135216438}",20,5,14.968982257147081,"{0: 14, 1: 1, 2: 0, 3: 0, 4: 0}",1
1879,False,"{'a': 0.001, 'e': 0.15274277218313168}",30,17,-8.869020357528978,"{0: 10, 1: 1, 2: 2, 3: 0, 4: 0}",1
1880,False,"{'a': 0.001, 'e': 0.15259010575688386}",25,16,-37.9530170687383,"{0: 7, 1: 0, 2: 1, 3: 0, 4: 1}",1
1881,False,"{'a': 0.001, 'e': 0.15243759192075454}",25,15,-0.5647477707735664,"{0: 8, 1: 1, 2: 1, 3: 0, 4: 0}",1
1882,False,"{'a': 0.001, 'e': 0.1522852305222298}",20,10,10.905884567044138,"{0: 9, 1: 1, 2: 0, 3: 0, 4: 0}",1
1883,False,"{'a': 0.001, 'e': 0.15213302140894833}",25,11,20.50961922250674,"{0: 13, 1: 1, 2: 0, 3: 0, 4: 0}",1
1884,False,"{'a': 0.001, 'e': 0.1519809644287009}",25,17,7.412385311253906,"{0: 7, 1: 1, 2: 0, 3: 0, 4: 0}",1
1885,False,"{'a': 0.001, 'e': 0.1518290594294306}",25,7,-20.82450575899529,"{0: 16, 1: 0, 2: 1, 3: 0, 4: 1}",1
1886,False,"{'a': 0.001, 'e': 0.15167730625923234}",25,11,28.514215480905865,"{0: 14, 1: 0, 2: 0, 3: 0, 4: 0}",1
1887,False,"{'a': 0.001, 'e': 0.15152570476635302}",20,16,8.258060336348976,"{0: 4, 1: 0, 2: 0, 3: 0, 4: 0}",1
1888,False,"{'a': 0.001, 'e': 0.1513742547991911}",30,12,-21.91919261801072,"{0: 16, 1: 0, 2: 1, 3: 0, 4: 1}",1
1889,False,"{'a': 0.001, 'e': 0.15122295620629655}",25,7,33.61711938364152,"{0: 18, 1: 0, 2: 0, 3: 0, 4: 0}",1
1890,False,"{'a': 0.001, 'e': 0.15107180883637084}",25,12,-79.2501371716136,"{0: 9, 1: 1, 2: 1, 3: 0, 4: 2}",1
1891,False,"{'a': 0.001, 'e': 0.15092081253826656}",25,13,8.907400490408094,"{0: 11, 1: 0, 2: 1, 3: 0, 4: 0}",1
1892,False,"{'a': 0.001, 'e': 0.15076996716098734}",25,13,-0.770862886330022,"{0: 10, 1: 0, 2: 2, 3: 0, 4: 0}",1
1893,False,"{'a': 0.001, 'e': 0.15061927255368793}",25,14,-0.8494351962947742,"{0: 9, 1: 0, 2: 2, 3: 0, 4: 0}",1
1894,False,"{'a': 0.001, 'e': 0.15046872856567356}",20,8,23.667059552559014,"{0: 12, 1: 0, 2: 0, 3: 0, 4: 0}",1
1895,False,"{'a': 0.001, 'e': 0.15031833504640033}",25,14,11.620754405482762,"{0: 10, 1: 1, 2: 0, 3: 0, 4: 0}",1
1896,False,"{'a': 0.001, 'e': 0.15016809184547464}",20,12,8.79621264710546,"{0: 7, 1: 1, 2: 0, 3: 0, 4: 0}",1
1897,False,"{'a': 0.001, 'e': 0.15001799881265335}",20,16,8.777412642355534,"{0: 4, 1: 0, 2: 0, 3: 0, 4: 0}",1
1898,False,"{'a': 0.001, 'e': 0.14986805579784332}",30,10,-27.525154098428146,"{0: 18, 1: 0, 2: 0, 3: 1, 4: 1}",1
1899,False,"{'a': 0.001, 'e': 0.14971826265110164}",30,2,16.685270920375373,"{0: 26, 1: 0, 2: 1, 3: 1, 4: 0}",1
1900,False,"{'a': 0.001, 'e': 0.14956861922263504}",20,11,6.53457044969273,"{0: 8, 1: 0, 2: 1, 3: 0, 4: 0}",1
1901,False,"{'a': 0.001, 'e': 0.14941912536280016}",25,12,12.961841973267717,"{0: 12, 1: 0, 2: 1, 3: 0, 4: 0}",1
1902,False,"{'a': 0.001, 'e': 0.14926978092210305}",25,18,12.45243793459766,"{0: 7, 1: 0, 2: 0, 3: 0, 4: 0}",1
1903,False,"{'a': 0.001, 'e': 0.14912058575119935}",20,5,29.295222042144466,"{0: 15, 1: 0, 2: 0, 3: 0, 4: 0}",1
1904,False,"{'a': 0.001, 'e': 0.1489715397008938}",25,12,27.946693937061617,"{0: 13, 1: 0, 2: 0, 3: 0, 4: 0}",1
1905,False,"{'a': 0.001, 'e': 0.14882264262214037}",30,16,-16.46758882309199,"{0: 13, 1: 0, 2: 0, 3: 0, 4: 1}",1
1906,False,"{'a': 0.001, 'e': 0.14867389436604195}",20,13,15.19815660805859,"{0: 7, 1: 0, 2: 0, 3: 0, 4: 0}",1
1907,False,"{'a': 0.001, 'e': 0.14852529478385032}",30,13,-12.376380260524385,"{0: 14, 1: 0, 2: 2, 3: 1, 4: 0}",1
1908,False,"{'a': 0.001, 'e': 0.14837684372696583}",30,21,17.2567650045665,"{0: 9, 1: 0, 2: 0, 3: 0, 4: 0}",1
1909,False,"{'a': 0.001, 'e': 0.14822854104693745}",20,13,3.144812639847742,"{0: 6, 1: 0, 2: 1, 3: 0, 4: 0}",1
1910,False,"{'a': 0.001, 'e': 0.14808038659546244}",25,9,1.7608715087087017,"{0: 14, 1: 0, 2: 2, 3: 0, 4: 0}",1
1911,False,"{'a': 0.001, 'e': 0.1479323802243864}",35,19,28.570009898350396,"{0: 16, 1: 0, 2: 0, 3: 0, 4: 0}",1
1912,False,"{'a': 0.001, 'e': 0.14778452178570287}",20,13,14.780680455035991,"{0: 7, 1: 0, 2: 0, 3: 0, 4: 0}",1
1913,False,"{'a': 0.001, 'e': 0.14763681113155347}",25,4,3.2379685168505805,"{0: 18, 1: 1, 2: 2, 3: 0, 4: 0}",1
1914,False,"{'a': 0.001, 'e': 0.14748924811422748}",35,8,15.067977694146306,"{0: 24, 1: 2, 2: 1, 3: 0, 4: 0}",1
1915,False,"{'a': 0.001, 'e': 0.14734183258616193}",25,10,26.09687526101469,"{0: 15, 1: 0, 2: 0, 3: 0, 4: 0}",1
1916,False,"{'a': 0.001, 'e': 0.14719456439994122}",20,13,14.300340518057926,"{0: 7, 1: 0, 2: 0, 3: 0, 4: 0}",1
1917,False,"{'a': 0.001, 'e': 0.1470474434082972}",20,0,9.24284593451109,"{0: 17, 1: 2, 2: 1, 3: 0, 4: 0}",0
1918,False,"{'a': 0.001, 'e': 0.1469004694641088}",25,11,28.08708646030594,"{0: 14, 1: 0, 2: 0, 3: 0, 4: 0}",1
1919,False,"{'a': 0.001, 'e': 0.14675364242040215}",25,0,38.75885367582731,"{0: 25, 1: 0, 2: 0, 3: 0, 4: 0}",0
1920,False,"{'a': 0.001, 'e': 0.14660696213035015}",30,20,11.026357922846982,"{0: 9, 1: 1, 2: 0, 3: 0, 4: 0}",1
1921,False,"{'a': 0.001, 'e': 0.14646042844727247}",25,11,11.741313112972083,"{0: 13, 1: 0, 2: 1, 3: 0, 4: 0}",1
1922,False,"{'a': 0.001, 'e': 0.14631404122463545}",25,12,14.007452188629033,"{0: 12, 1: 0, 2: 1, 3: 0, 4: 0}",1
1923,False,"{'a': 0.001, 'e': 0.14616780031605184}",25,8,-10.116688081033013,"{0: 16, 1: 0, 2: 0, 3: 0, 4: 1}",1
1924,False,"{'a': 0.001, 'e': 0.14602170557528074}",30,13,16.710873386101987,"{0: 16, 1: 0, 2: 1, 3: 0, 4: 0}",1
1925,False,"{'a': 0.001, 'e': 0.14587575685622736}",20,11,15.586702717661183,"{0: 9, 1: 0, 2: 0, 3: 0, 4: 0}",1
1926,False,"{'a': 0.001, 'e': 0.14572995401294303}",20,1,18.8939344024656,"{0: 18, 1: 0, 2: 1, 3: 0, 4: 0}",1
1927,False,"{'a': 0.001, 'e': 0.14558429689962482}",25,14,9.16514612805355,"{0: 10, 1: 0, 2: 1, 3: 0, 4: 0}",1
1928,False,"{'a': 0.001, 'e': 0.1454387853706157}",25,11,28.484337553490914,"{0: 14, 1: 0, 2: 0, 3: 0, 4: 0}",1
1929,False,"{'a': 0.001, 'e': 0.145293419280404}",25,0,35.434393125734466,"{0: 25, 1: 0, 2: 0, 3: 0, 4: 0}",0
1930,False,"{'a': 0.001, 'e': 0.14514819848362373}",25,12,20.079856507690064,"{0: 13, 1: 0, 2: 0, 3: 0, 4: 0}",1
1931,False,"{'a': 0.001, 'e': 0.145003122835054}",20,13,7.541333400596057,"{0: 6, 1: 1, 2: 0, 3: 0, 4: 0}",1
1932,False,"{'a': 0.001, 'e': 0.14485819218961926}",20,0,24.519192636553385,"{0: 19, 1: 0, 2: 1, 3: 0, 4: 0}",0
1933,False,"{'a': 0.001, 'e': 0.14471340640238872}",25,20,11.565749559649774,"{0: 5, 1: 0, 2: 0, 3: 0, 4: 0}",1
1934,False,"{'a': 0.001, 'e': 0.14456876532857668}",30,13,-0.7509762907487296,"{0: 15, 1: 1, 2: 0, 3: 1, 4: 0}",1
1935,False,"{'a': 0.001, 'e': 0.14442426882354198}",20,0,21.51245649472514,"{0: 19, 1: 0, 2: 1, 3: 0, 4: 0}",0
1936,False,"{'a': 0.001, 'e': 0.14427991674278817}",25,8,-9.429880295955172,"{0: 16, 1: 0, 2: 0, 3: 0, 4: 1}",1
1937,False,"{'a': 0.001, 'e': 0.1441357089419631}",20,14,11.858629940628246,"{0: 6, 1: 0, 2: 0, 3: 0, 4: 0}",1
1938,False,"{'a': 0.001, 'e': 0.143991645276859}",25,0,15.39161917774361,"{0: 24, 1: 0, 2: 0, 3: 1, 4: 0}",0
1939,False,"{'a': 0.001, 'e': 0.14384772560341216}",35,17,19.07289273395168,"{0: 17, 1: 0, 2: 1, 3: 0, 4: 0}",1
1940,False,"{'a': 0.001, 'e': 0.14370394977770293}",25,7,23.73106363409552,"{0: 17, 1: 1, 2: 0, 3: 0, 4: 0}",1
1941,False,"{'a': 0.001, 'e': 0.14356031765595542}",20,4,5.931662159833381,"{0: 13, 1: 2, 2: 1, 3: 0, 4: 0}",1
1942,False,"{'a': 0.001, 'e': 0.14341682909453757}",25,7,21.122988281056376,"{0: 17, 1: 0, 2: 1, 3: 0, 4: 0}",1
1943,False,"{'a': 0.001, 'e': 0.14327348394996073}",25,11,24.10292847295302,"{0: 14, 1: 0, 2: 0, 3: 0, 4: 0}",1
1944,False,"{'a': 0.001, 'e': 0.14313028207887982}",20,3,17.93704455096158,"{0: 16, 1: 0, 2: 1, 3: 0, 4: 0}",1
1945,False,"{'a': 0.001, 'e': 0.14298722333809288}",20,16,6.03321475304843,"{0: 4, 1: 0, 2: 0, 3: 0, 4: 0}",1
1946,False,"{'a': 0.001, 'e': 0.14284430758454122}",20,14,9.359226080069003,"{0: 6, 1: 0, 2: 0, 3: 0, 4: 0}",1
1947,False,"{'a': 0.001, 'e': 0.14270153467530902}",35,18,-31.691724759394024,"{0: 14, 1: 0, 2: 2, 3: 0, 4: 1}",1
1948,False,"{'a': 0.001, 'e': 0.14255890446762343}",25,0,20.976765161282536,"{0: 23, 1: 1, 2: 1, 3: 0, 4: 0}",0
1949,False,"{'a': 0.001, 'e': 0.14241641681885414}",25,16,14.824924156256083,"{0: 9, 1: 0, 2: 0, 3: 0, 4: 0}",1
1950,False,"{'a': 0.001, 'e': 0.1422740715865136}",30,16,-16.174628824810185,"{0: 11, 1: 2, 2: 0, 3: 1, 4: 0}",1
1951,False,"{'a': 0.001, 'e': 0.1421318686282564}",30,24,10.869895381736464,"{0: 6, 1: 0, 2: 0, 3: 0, 4: 0}",1
1952,False,"{'a': 0.001, 'e': 0.14198980780187978}",30,10,29.754588697424676,"{0: 20, 1: 0, 2: 0, 3: 0, 4: 0}",1
1953,False,"{'a': 0.001, 'e': 0.14184788896532272}",20,11,-8.86474090136209,"{0: 8, 1: 0, 2: 0, 3: 1, 4: 0}",1
1954,False,"{'a': 0.001, 'e': 0.1417061119766665}",25,13,21.426634550517118,"{0: 12, 1: 0, 2: 0, 3: 0, 4: 0}",1
1955,False,"{'a': 0.001, 'e': 0.14156447669413402}",25,13,22.25152387220631,"{0: 12, 1: 0, 2: 0, 3: 0, 4: 0}",1
1956,False,"{'a': 0.001, 'e': 0.14142298297609007}",20,14,9.349222743734343,"{0: 6, 1: 0, 2: 0, 3: 0, 4: 0}",1
1957,False,"{'a': 0.001, 'e': 0.14128163068104085}",25,9,20.37965490155933,"{0: 15, 1: 0, 2: 1, 3: 0, 4: 0}",1
1958,False,"{'a': 0.001, 'e': 0.1411404196676341}",25,11,27.13881030998471,"{0: 14, 1: 0, 2: 0, 3: 0, 4: 0}",1
1959,False,"{'a': 0.001, 'e': 0.14099934979465875}",25,10,10.915577703834284,"{0: 14, 1: 0, 2: 1, 3: 0, 4: 0}",1
1960,False,"{'a': 0.001, 'e': 0.140858420921045}",30,19,22.131658010027294,"{0: 11, 1: 0, 2: 0, 3: 0, 4: 0}",1
1961,False,"{'a': 0.001, 'e': 0.14071763290586387}",35,17,33.64436056884179,"{0: 17, 1: 1, 2: 0, 3: 0, 4: 0}",1
1962,False,"{'a': 0.001, 'e': 0.1405769856083274}",30,20,18.43050935732057,"{0: 10, 1: 0, 2: 0, 3: 0, 4: 0}",1
1963,False,"{'a': 0.001, 'e': 0.1404364788877882}",25,13,-30.64335537091651,"{0: 10, 1: 0, 2: 1, 3: 0, 4: 1}",1
1964,False,"{'a': 0.001, 'e': 0.14029611260373964}",20,11,-5.551280456009268,"{0: 7, 1: 0, 2: 2, 3: 0, 4: 0}",1
1965,False,"{'a': 0.001, 'e': 0.14015588661581535}",25,16,5.167736679793215,"{0: 8, 1: 0, 2: 1, 3: 0, 4: 0}",1
1966,False,"{'a': 0.001, 'e': 0.1400158007837894}",20,13,10.363317034293159,"{0: 7, 1: 0, 2: 0, 3: 0, 4: 0}",1
1967,False,"{'a': 0.001, 'e': 0.13987585496757585}",20,8,22.695456182635805,"{0: 12, 1: 0, 2: 0, 3: 0, 4: 0}",1
1968,False,"{'a': 0.001, 'e': 0.13973604902722894}",25,8,29.21277858033132,"{0: 17, 1: 0, 2: 0, 3: 0, 4: 0}",1
1969,False,"{'a': 0.001, 'e': 0.1395963828229427}",20,10,18.316412443470977,"{0: 10, 1: 0, 2: 0, 3: 0, 4: 0}",1
1970,False,"{'a': 0.001, 'e': 0.13945685621505094}",25,5,38.776059728042206,"{0: 20, 1: 0, 2: 0, 3: 0, 4: 0}",1
1971,False,"{'a': 0.001, 'e': 0.13931746906402698}",20,16,7.79763663807497,"{0: 4, 1: 0, 2: 0, 3: 0, 4: 0}",1
1972,False,"{'a': 0.001, 'e': 0.13917822123048373}",25,14,6.517519929441844,"{0: 10, 1: 0, 2: 1, 3: 0, 4: 0}",1
1973,False,"{'a': 0.001, 'e': 0.13903911257517326}",30,17,23.852957732968655,"{0: 13, 1: 0, 2: 0, 3: 0, 4: 0}",1
1974,False,"{'a': 0.001, 'e': 0.138900142958987}",30,12,-62.50731573083396,"{0: 15, 1: 0, 2: 1, 3: 0, 4: 2}",1
1975,False,"{'a': 0.001, 'e': 0.13876131224295524}",30,8,6.652114382932808,"{0: 19, 1: 1, 2: 2, 3: 0, 4: 0}",1
1976,False,"{'a': 0.001, 'e': 0.13862262028824732}",30,21,16.87504201854174,"{0: 9, 1: 0, 2: 0, 3: 0, 4: 0}",1
1977,False,"{'a': 0.001, 'e': 0.13848406695617121}",30,14,30.826652974255747,"{0: 16, 1: 0, 2: 0, 3: 0, 4: 0}",1
1978,False,"{'a': 0.001, 'e': 0.13834565210817362}",20,0,17.97944801674584,"{0: 19, 1: 0, 2: 1, 3: 0, 4: 0}",0
1979,False,"{'a': 0.001, 'e': 0.13820737560583965}",25,4,30.434856750699463,"{0: 20, 1: 0, 2: 1, 3: 0, 4: 0}",1
1980,False,"{'a': 0.001, 'e': 0.13806923731089282}",25,16,16.614931171093897,"{0: 9, 1: 0, 2: 0, 3: 0, 4: 0}",1
1981,False,"{'a': 0.001, 'e': 0.13793123708519478}",20,10,7.985430186456602,"{0: 9, 1: 0, 2: 1, 3: 0, 4: 0}",1
1982,False,"{'a': 0.001, 'e': 0.13779337479074535}",20,1,33.00011798435985,"{0: 19, 1: 0, 2: 0, 3: 0, 4: 0}",1
1983,False,"{'a': 0.001, 'e': 0.13765565028968216}",20,16,8.357376083388221,"{0: 4, 1: 0, 2: 0, 3: 0, 4: 0}",1
1984,False,"{'a': 0.001, 'e': 0.13751806344428075}",20,7,-32.45736805485878,"{0: 11, 1: 0, 2: 1, 3: 0, 4: 1}",1
1985,False,"{'a': 0.001, 'e': 0.13738061411695424}",20,6,9.631425758369101,"{0: 13, 1: 0, 2: 1, 3: 0, 4: 0}",1
1986,False,"{'a': 0.001, 'e': 0.13724330217025332}",25,17,14.915482048566624,"{0: 8, 1: 0, 2: 0, 3: 0, 4: 0}",1
1987,False,"{'a': 0.001, 'e': 0.13710612746686596}",20,13,14.467849754326725,"{0: 7, 1: 0, 2: 0, 3: 0, 4: 0}",1
1988,False,"{'a': 0.001, 'e': 0.13696908986961753}",20,7,20.812134677912756,"{0: 13, 1: 0, 2: 0, 3: 0, 4: 0}",1
1989,False,"{'a': 0.001, 'e': 0.13683218924147036}",30,17,23.018851065089056,"{0: 13, 1: 0, 2: 0, 3: 0, 4: 0}",1
1990,False,"{'a': 0.001, 'e': 0.13669542544552385}",20,6,4.486862445330524,"{0: 13, 1: 0, 2: 0, 3: 1, 4: 0}",1
1991,False,"{'a': 0.001, 'e': 0.13655879834501417}",25,13,16.156427117068624,"{0: 11, 1: 1, 2: 0, 3: 0, 4: 0}",1
1992,False,"{'a': 0.001, 'e': 0.13642230780331424}",25,15,18.73942145283873,"{0: 10, 1: 0, 2: 0, 3: 0, 4: 0}",1
1993,False,"{'a': 0.001, 'e': 0.13628595368393343}",20,16,6.913032867061215,"{0: 4, 1: 0, 2: 0, 3: 0, 4: 0}",1
1994,False,"{'a': 0.001, 'e': 0.1361497358505177}",20,13,13.496106848261753,"{0: 7, 1: 0, 2: 0, 3: 0, 4: 0}",1
1995,False,"{'a': 0.001, 'e': 0.13601365416684916}",20,12,17.340194366787955,"{0: 8, 1: 0, 2: 0, 3: 0, 4: 0}",1
1996,False,"{'a': 0.001, 'e': 0.13587770849684613}",35,21,12.630989377916357,"{0: 13, 1: 1, 2: 0, 3: 0, 4: 0}",1
1997,False,"{'a': 0.001, 'e': 0.13574189870456288}",20,12,14.566854538859191,"{0: 8, 1: 0, 2: 0, 3: 0, 4: 0}",1
1998,False,"{'a': 0.001, 'e': 0.1356062246541897}",25,14,9.369541606310442,"{0: 10, 1: 0, 2: 1, 3: 0, 4: 0}",1
1999,False,"{'a': 0.001, 'e': 0.13547068621005243}",30,19,8.819600804571126,"{0: 10, 1: 0, 2: 1, 3: 0, 4: 0}",1
2000,False,"{'a': 0.001, 'e': 0.1353352832366127}",25,16,17.476190496033414,"{0: 9, 1: 0, 2: 0, 3: 0, 4: 0}",1
2001,False,"{'a': 0.001, 'e': 0.13520001559846748}",25,17,16.504824720311525,"{0: 8, 1: 0, 2: 0, 3: 0, 4: 0}",1
2002,False,"{'a': 0.001, 'e': 0.13506488316034906}",25,0,-45.7277754380584,"{0: 23, 1: 0, 2: 0, 3: 0, 4: 2}",0
2003,False,"{'a': 0.001, 'e': 0.13492988578712511}",35,8,36.45948464557826,"{0: 26, 1: 0, 2: 1, 3: 0, 4: 0}",1
2004,False,"{'a': 0.001, 'e': 0.1347950233437982}",25,14,13.576129925616538,"{0: 10, 1: 1, 2: 0, 3: 0, 4: 0}",1
2005,False,"{'a': 0.001, 'e': 0.13466029569550586}",20,8,19.209983654262498,"{0: 12, 1: 0, 2: 0, 3: 0, 4: 0}",1
2006,False,"{'a': 0.001, 'e': 0.1345257027075204}",20,14,11.247549457785214,"{0: 6, 1: 0, 2: 0, 3: 0, 4: 0}",1
2007,False,"{'a': 0.001, 'e': 0.1343912442452489}",25,17,15.004617780998185,"{0: 8, 1: 0, 2: 0, 3: 0, 4: 0}",1
2008,False,"{'a': 0.001, 'e': 0.13425692017423285}",25,16,19.53659459879686,"{0: 9, 1: 0, 2: 0, 3: 0, 4: 0}",1
2009,False,"{'a': 0.001, 'e': 0.13412273036014816}",20,7,-0.0035173992519139663,"{0: 11, 1: 1, 2: 0, 3: 1, 4: 0}",1
2010,False,"{'a': 0.001, 'e': 0.13398867466880493}",20,12,16.65626890340431,"{0: 8, 1: 0, 2: 0, 3: 0, 4: 0}",1
2011,False,"{'a': 0.001, 'e': 0.13385475296614763}",25,14,20.039466554157354,"{0: 11, 1: 0, 2: 0, 3: 0, 4: 0}",1
2012,False,"{'a': 0.001, 'e': 0.1337209651182544}",20,13,15.654183444856828,"{0: 7, 1: 0, 2: 0, 3: 0, 4: 0}",1
2013,False,"{'a': 0.001, 'e': 0.13358731099133747}",25,11,13.839879229968409,"{0: 13, 1: 0, 2: 1, 3: 0, 4: 0}",1
2014,False,"{'a': 0.001, 'e': 0.1334537904517426}",20,9,20.11720852370651,"{0: 11, 1: 0, 2: 0, 3: 0, 4: 0}",1
2015,False,"{'a': 0.001, 'e': 0.13332040336594936}",20,16,7.968192467266288,"{0: 4, 1: 0, 2: 0, 3: 0, 4: 0}",1
2016,False,"{'a': 0.001, 'e': 0.1331871496005706}",20,6,25.79571644707384,"{0: 14, 1: 0, 2: 0, 3: 0, 4: 0}",1
2017,False,"{'a': 0.001, 'e': 0.13305402902235253}",20,9,22.3504694960647,"{0: 11, 1: 0, 2: 0, 3: 0, 4: 0}",1
2018,False,"{'a': 0.001, 'e': 0.13292104149817452}",25,16,-25.151981352931223,"{0: 8, 1: 0, 2: 0, 3: 0, 4: 1}",1
2019,False,"{'a': 0.001, 'e': 0.13278818689504915}",20,6,-19.912427667448043,"{0: 13, 1: 0, 2: 0, 3: 0, 4: 1}",1
2020,False,"{'a': 0.001, 'e': 0.13265546508012172}",20,16,7.5104979231559845,"{0: 4, 1: 0, 2: 0, 3: 0, 4: 0}",1
2021,False,"{'a': 0.001, 'e': 0.13252287592067044}",20,2,-4.447408417906324,"{0: 16, 1: 0, 2: 1, 3: 1, 4: 0}",1
2022,False,"{'a': 0.001, 'e': 0.13239041928410605}",20,15,10.302050593622878,"{0: 5, 1: 0, 2: 0, 3: 0, 4: 0}",1
2023,False,"{'a': 0.001, 'e': 0.13225809503797206}",30,18,26.90867272292515,"{0: 12, 1: 0, 2: 0, 3: 0, 4: 0}",1
2024,False,"{'a': 0.001, 'e': 0.1321259030499441}",20,5,30.57838184526696,"{0: 15, 1: 0, 2: 0, 3: 0, 4: 0}",1
2025,False,"{'a': 0.001, 'e': 0.13199384318783022}",25,15,-6.4615083760491325,"{0: 8, 1: 0, 2: 2, 3: 0, 4: 0}",1
2026,False,"{'a': 0.001, 'e': 0.13186191531957048}",20,0,18.713026324522374,"{0: 19, 1: 0, 2: 1, 3: 0, 4: 0}",0
2027,False,"{'a': 0.001, 'e': 0.13173011931323708}",25,19,12.039362039256286,"{0: 6, 1: 0, 2: 0, 3: 0, 4: 0}",1
2028,False,"{'a': 0.001, 'e': 0.131598455037034}",20,13,13.546640594672358,"{0: 7, 1: 0, 2: 0, 3: 0, 4: 0}",1
2029,False,"{'a': 0.001, 'e': 0.13146692235929688}",25,7,18.177859109541643,"{0: 17, 1: 0, 2: 1, 3: 0, 4: 0}",1
2030,False,"{'a': 0.001, 'e': 0.13133552114849303}",30,17,16.682537228151126,"{0: 12, 1: 1, 2: 0, 3: 0, 4: 0}",1
2031,False,"{'a': 0.001, 'e': 0.13120425127322136}",20,6,12.76300241550614,"{0: 13, 1: 0, 2: 1, 3: 0, 4: 0}",1
2032,False,"{'a': 0.001, 'e': 0.13107311260221188}",20,15,11.31860129966332,"{0: 5, 1: 0, 2: 0, 3: 0, 4: 0}",1
2033,False,"{'a': 0.001, 'e': 0.13094210500432593}",30,21,14.59201095655283,"{0: 9, 1: 0, 2: 0, 3: 0, 4: 0}",1
2034,False,"{'a': 0.001, 'e': 0.13081122834855582}",20,7,12.458532782946277,"{0: 12, 1: 0, 2: 1, 3: 0, 4: 0}",1
2035,False,"{'a': 0.001, 'e': 0.13068048250402503}",30,5,0.7145656591050387,"{0: 24, 1: 0, 2: 0, 3: 0, 4: 1}",1
2036,False,"{'a': 0.001, 'e': 0.13054986733998764}",20,16,8.885911013086709,"{0: 4, 1: 0, 2: 0, 3: 0, 4: 0}",1
2037,False,"{'a': 0.001, 'e': 0.13041938272582848}",25,15,15.824800404888578,"{0: 10, 1: 0, 2: 0, 3: 0, 4: 0}",1
2038,False,"{'a': 0.001, 'e': 0.13028902853106283}",30,20,19.247020630064792,"{0: 10, 1: 0, 2: 0, 3: 0, 4: 0}",1
2039,False,"{'a': 0.001, 'e': 0.13015880462533663}",25,18,13.129484667180217,"{0: 7, 1: 0, 2: 0, 3: 0, 4: 0}",1
2040,False,"{'a': 0.001, 'e': 0.1300287108784259}",20,6,24.66317562928228,"{0: 14, 1: 0, 2: 0, 3: 0, 4: 0}",1
2041,False,"{'a': 0.001, 'e': 0.12989874716023692}",20,0,12.37961911620775,"{0: 18, 1: 1, 2: 1, 3: 0, 4: 0}",0
2042,False,"{'a': 0.001, 'e': 0.1297689133408058}",20,14,9.559741027768414,"{0: 6, 1: 0, 2: 0, 3: 0, 4: 0}",1
2043,False,"{'a': 0.001, 'e': 0.12963920929029896}",20,1,-18.41358866860852,"{0: 17, 1: 1, 2: 0, 3: 0, 4: 1}",1
2044,False,"{'a': 0.001, 'e': 0.12950963487901218}",25,13,14.437351305362482,"{0: 11, 1: 0, 2: 1, 3: 0, 4: 0}",1
2045,False,"{'a': 0.001, 'e': 0.12938018997737108}",25,17,13.234796331112346,"{0: 8, 1: 0, 2: 0, 3: 0, 4: 0}",1
2046,False,"{'a': 0.001, 'e': 0.12925087445593067}",25,17,14.56736488103824,"{0: 8, 1: 0, 2: 0, 3: 0, 4: 0}",1
2047,False,"{'a': 0.001, 'e': 0.12912168818537556}",20,8,15.701672893136159,"{0: 11, 1: 1, 2: 0, 3: 0, 4: 0}",1
2048,False,"{'a': 0.001, 'e': 0.1289926310365194}",25,11,23.120854610304637,"{0: 13, 1: 1, 2: 0, 3: 0, 4: 0}",1
2049,False,"{'a': 0.001, 'e': 0.12886370288030502}",25,18,12.004858182796362,"{0: 7, 1: 0, 2: 0, 3: 0, 4: 0}",1
2050,False,"{'a': 0.001, 'e': 0.12873490358780423}",20,7,21.1862291573509,"{0: 12, 1: 1, 2: 0, 3: 0, 4: 0}",1
2051,False,"{'a': 0.001, 'e': 0.12860623303021773}",30,6,4.705835170784428,"{0: 23, 1: 0, 2: 0, 3: 0, 4: 1}",1
2052,False,"{'a': 0.001, 'e': 0.12847769107887502}",30,6,-13.45477785404075,"{0: 22, 1: 0, 2: 1, 3: 0, 4: 1}",1
2053,False,"{'a': 0.001, 'e': 0.12834927760523412}",30,12,30.392840077892217,"{0: 18, 1: 0, 2: 0, 3: 0, 4: 0}",1
2054,False,"{'a': 0.001, 'e': 0.1282209924808815}",30,13,31.987898436047736,"{0: 17, 1: 0, 2: 0, 3: 0, 4: 0}",1
2055,False,"{'a': 0.001, 'e': 0.12809283557753198}",35,18,32.46047689419847,"{0: 17, 1: 0, 2: 0, 3: 0, 4: 0}",1
2056,False,"{'a': 0.001, 'e': 0.1279648067670288}",20,8,21.56841164250304,"{0: 12, 1: 0, 2: 0, 3: 0, 4: 0}",1
2057,False,"{'a': 0.001, 'e': 0.12783690592134303}",35,22,21.540799408465528,"{0: 13, 1: 0, 2: 0, 3: 0, 4: 0}",1
2058,False,"{'a': 0.001, 'e': 0.12770913291257383}",20,13,14.019795418987275,"{0: 7, 1: 0, 2: 0, 3: 0, 4: 0}",1
2059,False,"{'a': 0.001, 'e': 0.12758148761294813}",35,25,-2.745089986477437,"{0: 9, 1: 0, 2: 0, 3: 1, 4: 0}",1
2060,False,"{'a': 0.001, 'e': 0.12745396989482075}",25,5,32.08097896477631,"{0: 20, 1: 0, 2: 0, 3: 0, 4: 0}",1
2061,False,"{'a': 0.001, 'e': 0.12732657963067387}",25,15,20.15986247456651,"{0: 10, 1: 0, 2: 0, 3: 0, 4: 0}",1
2062,False,"{'a': 0.001, 'e': 0.1271993166931172}",25,10,27.55343532862383,"{0: 15, 1: 0, 2: 0, 3: 0, 4: 0}",1
2063,False,"{'a': 0.001, 'e': 0.12707218095488781}",20,0,28.01812351360178,"{0: 20, 1: 0, 2: 0, 3: 0, 4: 0}",0
2064,False,"{'a': 0.001, 'e': 0.12694517228885002}",25,9,4.447774152389025,"{0: 15, 1: 0, 2: 0, 3: 1, 4: 0}",1
2065,False,"{'a': 0.001, 'e': 0.1268182905679951}",20,11,-6.267490621483769,"{0: 8, 1: 0, 2: 0, 3: 1, 4: 0}",1
2066,False,"{'a': 0.001, 'e': 0.1266915356654413}",20,11,-37.94109508878155,"{0: 7, 1: 0, 2: 1, 3: 0, 4: 1}",1
2067,False,"{'a': 0.001, 'e': 0.12656490745443366}",30,18,-19.810890544881442,"{0: 11, 1: 0, 2: 0, 3: 0, 4: 1}",1
2068,False,"{'a': 0.001, 'e': 0.1264384058083441}",20,1,17.228229098837108,"{0: 18, 1: 0, 2: 1, 3: 0, 4: 0}",1
2069,False,"{'a': 0.001, 'e': 0.12631203060067087}",25,15,22.213609213148775,"{0: 10, 1: 0, 2: 0, 3: 0, 4: 0}",1
2070,False,"{'a': 0.001, 'e': 0.12618578170503877}",25,14,16.411145427373846,"{0: 11, 1: 0, 2: 0, 3: 0, 4: 0}",1
2071,False,"{'a': 0.001, 'e': 0.12605965899519883}",25,17,15.513750643004819,"{0: 8, 1: 0, 2: 0, 3: 0, 4: 0}",1
2072,False,"{'a': 0.001, 'e': 0.12593366234502845}",25,0,19.697631861010812,"{0: 24, 1: 0, 2: 0, 3: 1, 4: 0}",0
2073,False,"{'a': 0.001, 'e': 0.12580779162853092}",30,18,22.69533901192539,"{0: 12, 1: 0, 2: 0, 3: 0, 4: 0}",1
2074,False,"{'a': 0.001, 'e': 0.1256820467198355}",25,17,6.093298338226688,"{0: 7, 1: 0, 2: 1, 3: 0, 4: 0}",1
2075,False,"{'a': 0.001, 'e': 0.1255564274931972}",25,13,24.803741129645548,"{0: 12, 1: 0, 2: 0, 3: 0, 4: 0}",1
2076,False,"{'a': 0.001, 'e': 0.12543093382299692}",20,9,1.2749167251318063,"{0: 9, 1: 1, 2: 1, 3: 0, 4: 0}",1
2077,False,"{'a': 0.001, 'e': 0.12530556558374092}",20,13,2.7926631923105925,"{0: 6, 1: 0, 2: 1, 3: 0, 4: 0}",1
2078,False,"{'a': 0.001, 'e': 0.12518032265006093}",25,13,22.350092076184904,"{0: 12, 1: 0, 2: 0, 3: 0, 4: 0}",1
2079,False,"{'a': 0.001, 'e': 0.12505520489671398}",20,14,9.378759022076064,"{0: 6, 1: 0, 2: 0, 3: 0, 4: 0}",1
2080,False,"{'a': 0.001, 'e': 0.12493021219858241}",30,22,14.851769657153621,"{0: 8, 1: 0, 2: 0, 3: 0, 4: 0}",1
2081,False,"{'a': 0.001, 'e': 0.12480534443067345}",35,14,11.261926148707985,"{0: 19, 1: 1, 2: 0, 3: 1, 4: 0}",1
2082,False,"{'a': 0.001, 'e': 0.12468060146811931}",20,14,7.182575654683644,"{0: 5, 1: 1, 2: 0, 3: 0, 4: 0}",1
2083,False,"{'a': 0.001, 'e': 0.12455598318617699}",25,14,18.635058887035814,"{0: 11, 1: 0, 2: 0, 3: 0, 4: 0}",1
2084,False,"{'a': 0.001, 'e': 0.12443148946022826}",25,14,19.81299935727119,"{0: 11, 1: 0, 2: 0, 3: 0, 4: 0}",1
2085,False,"{'a': 0.001, 'e': 0.12430712016577938}",30,14,-55.53850866888889,"{0: 14, 1: 0, 2: 0, 3: 0, 4: 2}",1
2086,False,"{'a': 0.001, 'e': 0.12418287517846102}",25,13,-1.0302116016396885,"{0: 10, 1: 0, 2: 2, 3: 0, 4: 0}",1
2087,False,"{'a': 0.001, 'e': 0.12405875437402814}",35,20,13.492396070940046,"{0: 14, 1: 0, 2: 1, 3: 0, 4: 0}",1
2088,False,"{'a': 0.001, 'e': 0.12393475762836002}",25,17,3.2630988862006025,"{0: 7, 1: 0, 2: 1, 3: 0, 4: 0}",1
2089,False,"{'a': 0.001, 'e': 0.12381088481745986}",25,17,13.567833491642865,"{0: 8, 1: 0, 2: 0, 3: 0, 4: 0}",1
2090,False,"{'a': 0.001, 'e': 0.12368713581745483}",30,8,29.461269066307494,"{0: 21, 1: 1, 2: 0, 3: 0, 4: 0}",1
2091,False,"{'a': 0.001, 'e': 0.12356351050459588}",35,13,-10.845366725325647,"{0: 20, 1: 0, 2: 1, 3: 0, 4: 1}",1
2092,False,"{'a': 0.001, 'e': 0.12344000875525778}",25,10,-0.2170439917592113,"{0: 13, 1: 0, 2: 2, 3: 0, 4: 0}",1
2093,False,"{'a': 0.001, 'e': 0.12331663044593871}",20,6,24.008429642100875,"{0: 14, 1: 0, 2: 0, 3: 0, 4: 0}",1
2094,False,"{'a': 0.001, 'e': 0.12319337545326038}",25,6,33.25509019634276,"{0: 19, 1: 0, 2: 0, 3: 0, 4: 0}",1
2095,False,"{'a': 0.001, 'e': 0.12307024365396771}",25,16,10.204727936936619,"{0: 8, 1: 1, 2: 0, 3: 0, 4: 0}",1
2096,False,"{'a': 0.001, 'e': 0.122947234924929}",20,12,9.730729107284022,"{0: 7, 1: 1, 2: 0, 3: 0, 4: 0}",1
2097,False,"{'a': 0.001, 'e': 0.12282434914313546}",25,5,34.54280708999277,"{0: 20, 1: 0, 2: 0, 3: 0, 4: 0}",1
2098,False,"{'a': 0.001, 'e': 0.1227015861857013}",30,4,44.72905232138494,"{0: 26, 1: 0, 2: 0, 3: 0, 4: 0}",1
2099,False,"{'a': 0.001, 'e': 0.1225789459298635}",30,0,33.36815691922137,"{0: 29, 1: 0, 2: 1, 3: 0, 4: 0}",0
2100,False,"{'a': 0.001, 'e': 0.1224564282529819}",20,13,9.686070641233131,"{0: 7, 1: 0, 2: 0, 3: 0, 4: 0}",1
2101,False,"{'a': 0.001, 'e': 0.12233403303253876}",20,9,9.47805952203698,"{0: 10, 1: 0, 2: 1, 3: 0, 4: 0}",1
2102,False,"{'a': 0.001, 'e': 0.12221176014613884}",35,7,20.17043583613127,"{0: 26, 1: 0, 2: 1, 3: 1, 4: 0}",1
2103,False,"{'a': 0.001, 'e': 0.1220896094715092}",20,0,-0.8906944127981158,"{0: 18, 1: 0, 2: 1, 3: 1, 4: 0}",1
2104,False,"{'a': 0.001, 'e': 0.12196758088649925}",25,10,5.478285756454754,"{0: 13, 1: 0, 2: 2, 3: 0, 4: 0}",1
2105,False,"{'a': 0.001, 'e': 0.12184567426908036}",25,16,14.80121910259392,"{0: 9, 1: 0, 2: 0, 3: 0, 4: 0}",1
2106,False,"{'a': 0.001, 'e': 0.12172388949734589}",20,16,6.144381742994742,"{0: 4, 1: 0, 2: 0, 3: 0, 4: 0}",1
2107,False,"{'a': 0.001, 'e': 0.121602226449511}",20,9,22.09286058723578,"{0: 11, 1: 0, 2: 0, 3: 0, 4: 0}",1
2108,False,"{'a': 0.001, 'e': 0.12148068500391276}",25,19,3.8763412834484345,"{0: 5, 1: 1, 2: 0, 3: 0, 4: 0}",1
2109,False,"{'a': 0.001, 'e': 0.12135926503900965}",20,12,13.56356689724354,"{0: 8, 1: 0, 2: 0, 3: 0, 4: 0}",1
2110,False,"{'a': 0.001, 'e': 0.12123796643338168}",20,12,15.529196368812855,"{0: 8, 1: 0, 2: 0, 3: 0, 4: 0}",1
2111,False,"{'a': 0.001, 'e': 0.1211167890657302}",25,12,23.45572503473156,"{0: 13, 1: 0, 2: 0, 3: 0, 4: 0}",1
2112,False,"{'a': 0.001, 'e': 0.12099573281487792}",20,5,20.539542442763224,"{0: 14, 1: 1, 2: 0, 3: 0, 4: 0}",1
2113,False,"{'a': 0.001, 'e': 0.12087479755976856}",20,10,10.808723537948028,"{0: 9, 1: 1, 2: 0, 3: 0, 4: 0}",1
2114,False,"{'a': 0.001, 'e': 0.12075398317946681}",25,7,4.613936467426384,"{0: 16, 1: 0, 2: 1, 3: 1, 4: 0}",1
2115,False,"{'a': 0.001, 'e': 0.12063328955315826}",30,13,-21.136916650681126,"{0: 15, 1: 0, 2: 1, 3: 0, 4: 1}",1
2116,False,"{'a': 0.001, 'e': 0.12051271656014938}",20,12,14.611331120454079,"{0: 8, 1: 0, 2: 0, 3: 0, 4: 0}",1
2117,False,"{'a': 0.001, 'e': 0.12039226407986708}",30,21,-0.409715335346696,"{0: 7, 1: 2, 2: 0, 3: 0, 4: 0}",1
2118,False,"{'a': 0.001, 'e': 0.12027193199185891}",30,13,-2.321802273386255,"{0: 15, 1: 0, 2: 1, 3: 1, 4: 0}",1
2119,False,"{'a': 0.001, 'e': 0.12015172017579269}",30,19,17.404183022258785,"{0: 11, 1: 0, 2: 0, 3: 0, 4: 0}",1
2120,False,"{'a': 0.001, 'e': 0.12003162851145673}",30,12,28.165031155485067,"{0: 18, 1: 0, 2: 0, 3: 0, 4: 0}",1
2121,False,"{'a': 0.001, 'e': 0.11991165687875927}",20,13,13.042322584893084,"{0: 7, 1: 0, 2: 0, 3: 0, 4: 0}",1
2122,False,"{'a': 0.001, 'e': 0.11979180515772868}",20,12,17.49326415023214,"{0: 8, 1: 0, 2: 0, 3: 0, 4: 0}",1
2123,False,"{'a': 0.001, 'e': 0.11967207322851317}",20,5,12.476430012280039,"{0: 13, 1: 2, 2: 0, 3: 0, 4: 0}",1
2124,False,"{'a': 0.001, 'e': 0.11955246097138093}",20,12,13.54225911766705,"{0: 8, 1: 0, 2: 0, 3: 0, 4: 0}",1
2125,False,"{'a': 0.001, 'e': 0.11943296826671962}",20,8,12.922136965809916,"{0: 11, 1: 0, 2: 1, 3: 0, 4: 0}",1
2126,False,"{'a': 0.001, 'e': 0.11931359499503652}",25,11,-20.181737972179008,"{0: 13, 1: 0, 2: 0, 3: 0, 4: 1}",1
2127,False,"{'a': 0.001, 'e': 0.11919434103695832}",20,16,5.656670149872891,"{0: 4, 1: 0, 2: 0, 3: 0, 4: 0}",1
2128,False,"{'a': 0.001, 'e': 0.11907520627323114}",25,14,22.913273066744576,"{0: 11, 1: 0, 2: 0, 3: 0, 4: 0}",1
2129,False,"{'a': 0.001, 'e': 0.11895619058472015}",25,13,13.795078310070652,"{0: 11, 1: 0, 2: 1, 3: 0, 4: 0}",1
2130,False,"{'a': 0.001, 'e': 0.11883729385240965}",20,0,-24.94321719492912,"{0: 18, 1: 0, 2: 1, 3: 0, 4: 1}",1
2131,False,"{'a': 0.001, 'e': 0.11871851595740286}",30,17,10.17968063655494,"{0: 12, 1: 0, 2: 1, 3: 0, 4: 0}",1
2132,False,"{'a': 0.001, 'e': 0.11859985678092198}",20,12,12.899979069088156,"{0: 8, 1: 0, 2: 0, 3: 0, 4: 0}",1
2133,False,"{'a': 0.001, 'e': 0.11848131620430775}",20,14,9.78226982506918,"{0: 6, 1: 0, 2: 0, 3: 0, 4: 0}",1
2134,False,"{'a': 0.001, 'e': 0.11836289410901962}",30,12,7.128745900485951,"{0: 16, 1: 1, 2: 0, 3: 1, 4: 0}",1
2135,False,"{'a': 0.001, 'e': 0.1182445903766354}",20,9,10.949879105563909,"{0: 10, 1: 0, 2: 1, 3: 0, 4: 0}",1
2136,False,"{'a': 0.001, 'e': 0.11812640488885146}",20,9,20.02853255917378,"{0: 11, 1: 0, 2: 0, 3: 0, 4: 0}",1
2137,False,"{'a': 0.001, 'e': 0.11800833752748224}",20,10,16.29608772000049,"{0: 10, 1: 0, 2: 0, 3: 0, 4: 0}",1
2138,False,"{'a': 0.001, 'e': 0.1178903881744604}",20,1,16.903217854557564,"{0: 18, 1: 0, 2: 1, 3: 0, 4: 0}",1
2139,False,"{'a': 0.001, 'e': 0.1177725567118365}",30,18,19.56982205889044,"{0: 12, 1: 0, 2: 0, 3: 0, 4: 0}",1
2140,False,"{'a': 0.001, 'e': 0.11765484302177918}",25,13,22.154726435600555,"{0: 12, 1: 0, 2: 0, 3: 0, 4: 0}",1
2141,False,"{'a': 0.001, 'e': 0.11753724698657468}",20,11,17.435035184209923,"{0: 9, 1: 0, 2: 0, 3: 0, 4: 0}",1
2142,False,"{'a': 0.001, 'e': 0.11741976848862698}",30,15,22.257938529022002,"{0: 15, 1: 0, 2: 0, 3: 0, 4: 0}",1
2143,False,"{'a': 0.001, 'e': 0.11730240741045748}",25,15,20.392974946203896,"{0: 10, 1: 0, 2: 0, 3: 0, 4: 0}",1
2144,False,"{'a': 0.001, 'e': 0.11718516363470523}",20,15,-12.53436093064621,"{0: 4, 1: 0, 2: 0, 3: 1, 4: 0}",1
2145,False,"{'a': 0.001, 'e': 0.11706803704412637}",30,11,8.77896892976122,"{0: 18, 1: 0, 2: 0, 3: 1, 4: 0}",1
2146,False,"{'a': 0.001, 'e': 0.11695102752159432}",25,8,16.917788598729665,"{0: 16, 1: 0, 2: 1, 3: 0, 4: 0}",1
2147,False,"{'a': 0.001, 'e': 0.11683413495009948}",20,5,8.54981609651873,"{0: 13, 1: 1, 2: 1, 3: 0, 4: 0}",1
2148,False,"{'a': 0.001, 'e': 0.11671735921274938}",20,14,12.393676526381993,"{0: 6, 1: 0, 2: 0, 3: 0, 4: 0}",1
2149,False,"{'a': 0.001, 'e': 0.11660070019276822}",20,11,-2.0573513386464786,"{0: 7, 1: 1, 2: 1, 3: 0, 4: 0}",1
2150,False,"{'a': 0.001, 'e': 0.11648415777349697}",20,10,-33.76745400357762,"{0: 8, 1: 0, 2: 1, 3: 0, 4: 1}",1
2151,False,"{'a': 0.001, 'e': 0.11636773183839315}",25,16,15.916118237491315,"{0: 9, 1: 0, 2: 0, 3: 0, 4: 0}",1
2152,False,"{'a': 0.001, 'e': 0.11625142227103091}",30,20,16.982470751658912,"{0: 10, 1: 0, 2: 0, 3: 0, 4: 0}",1
2153,False,"{'a': 0.001, 'e': 0.11613522895510063}",30,0,-13.741291922888818,"{0: 26, 1: 3, 2: 0, 3: 0, 4: 1}",1
2154,False,"{'a': 0.001, 'e': 0.116019151774409}",25,3,-5.7824642434513684,"{0: 19, 1: 0, 2: 2, 3: 1, 4: 0}",1
2155,False,"{'a': 0.001, 'e': 0.11590319061287874}",20,2,33.91875224869295,"{0: 18, 1: 0, 2: 0, 3: 0, 4: 0}",1
2156,False,"{'a': 0.001, 'e': 0.1157873453545488}",20,12,-0.5428688187515589,"{0: 7, 1: 0, 2: 1, 3: 0, 4: 0}",1
2157,False,"{'a': 0.001, 'e': 0.11567161588357389}",25,15,21.410854272966596,"{0: 10, 1: 0, 2: 0, 3: 0, 4: 0}",1
2158,False,"{'a': 0.001, 'e': 0.11555600208422448}",20,0,-9.205116023140103,"{0: 17, 1: 1, 2: 1, 3: 1, 4: 0}",1
2159,False,"{'a': 0.001, 'e': 0.11544050384088674}",25,8,30.809381329312576,"{0: 17, 1: 0, 2: 0, 3: 0, 4: 0}",1
2160,False,"{'a': 0.001, 'e': 0.11532512103806251}",25,14,9.201055562368555,"{0: 10, 1: 0, 2: 1, 3: 0, 4: 0}",1
2161,False,"{'a': 0.001, 'e': 0.11520985356036893}",25,14,18.955012704500433,"{0: 11, 1: 0, 2: 0, 3: 0, 4: 0}",1
2162,False,"{'a': 0.001, 'e': 0.11509470129253851}",30,12,19.75489595792148,"{0: 17, 1: 0, 2: 1, 3: 0, 4: 0}",1
2163,False,"{'a': 0.001, 'e': 0.11497966411941893}",25,17,14.071227984217401,"{0: 8, 1: 0, 2: 0, 3: 0, 4: 0}",1
2164,False,"{'a': 0.001, 'e': 0.11486474192597308}",20,14,4.827536873675532,"{0: 5, 1: 1, 2: 0, 3: 0, 4: 0}",1
2165,False,"{'a': 0.001, 'e': 0.11474993459727875}",20,16,7.224695507039697,"{0: 4, 1: 0, 2: 0, 3: 0, 4: 0}",1
2166,False,"{'a': 0.001, 'e': 0.11463524201852858}",30,15,29.720006107912635,"{0: 15, 1: 0, 2: 0, 3: 0, 4: 0}",1
2167,False,"{'a': 0.001, 'e': 0.11452066407502992}",25,11,11.753427245696937,"{0: 13, 1: 0, 2: 1, 3: 0, 4: 0}",1
2168,False,"{'a': 0.001, 'e': 0.11440620065220493}",25,20,11.896283453842642,"{0: 5, 1: 0, 2: 0, 3: 0, 4: 0}",1
2169,False,"{'a': 0.001, 'e': 0.11429185163559014}",20,13,15.299195873293506,"{0: 7, 1: 0, 2: 0, 3: 0, 4: 0}",1
2170,False,"{'a': 0.001, 'e': 0.1141776169108365}",25,13,11.224493331745308,"{0: 11, 1: 0, 2: 1, 3: 0, 4: 0}",1
2171,False,"{'a': 0.001, 'e': 0.11406349636370923}",25,12,-18.390314317805732,"{0: 12, 1: 0, 2: 0, 3: 0, 4: 1}",1
2172,False,"{'a': 0.001, 'e': 0.11394948988008788}",25,20,11.338566214168694,"{0: 5, 1: 0, 2: 0, 3: 0, 4: 0}",1
2173,False,"{'a': 0.001, 'e': 0.11383559734596592}",20,7,25.19400888128666,"{0: 13, 1: 0, 2: 0, 3: 0, 4: 0}",1
2174,False,"{'a': 0.001, 'e': 0.11372181864745078}",30,20,16.48014936860762,"{0: 10, 1: 0, 2: 0, 3: 0, 4: 0}",1
2175,False,"{'a': 0.001, 'e': 0.11360815367076371}",20,16,7.858734639008317,"{0: 4, 1: 0, 2: 0, 3: 0, 4: 0}",1
2176,False,"{'a': 0.001, 'e': 0.11349460230223983}",30,19,19.23946753676794,"{0: 11, 1: 0, 2: 0, 3: 0, 4: 0}",1
2177,False,"{'a': 0.001, 'e': 0.11338116442832771}",25,11,27.61313320259475,"{0: 14, 1: 0, 2: 0, 3: 0, 4: 0}",1
2178,False,"{'a': 0.001, 'e': 0.11326783993558948}",30,17,26.522472889481254,"{0: 13, 1: 0, 2: 0, 3: 0, 4: 0}",1
2179,False,"{'a': 0.001, 'e': 0.11315462871070062}",20,6,20.22027497499009,"{0: 13, 1: 1, 2: 0, 3: 0, 4: 0}",1
2180,False,"{'a': 0.001, 'e': 0.11304153064044985}",30,17,26.521612556359155,"{0: 13, 1: 0, 2: 0, 3: 0, 4: 0}",1
2181,False,"{'a': 0.001, 'e': 0.11292854561173918}",25,0,-52.38382699473213,"{0: 23, 1: 0, 2: 0, 3: 0, 4: 2}",0
2182,False,"{'a': 0.001, 'e': 0.11281567351158354}",25,14,3.9971664611940527,"{0: 9, 1: 2, 2: 0, 3: 0, 4: 0}",1
2183,False,"{'a': 0.001, 'e': 0.11270291422711082}",20,3,27.769820583422145,"{0: 17, 1: 0, 2: 0, 3: 0, 4: 0}",1
2184,False,"{'a': 0.001, 'e': 0.11259026764556165}",30,13,31.00343269479825,"{0: 17, 1: 0, 2: 0, 3: 0, 4: 0}",1
2185,False,"{'a': 0.001, 'e': 0.11247773365428958}",30,24,9.743349727588141,"{0: 6, 1: 0, 2: 0, 3: 0, 4: 0}",1
2186,False,"{'a': 0.001, 'e': 0.11236531214076052}",20,13,12.579420154310013,"{0: 7, 1: 0, 2: 0, 3: 0, 4: 0}",1
2187,False,"{'a': 0.001, 'e': 0.11225300299255297}",20,13,12.440098134977404,"{0: 7, 1: 0, 2: 0, 3: 0, 4: 0}",1
2188,False,"{'a': 0.001, 'e': 0.11214080609735771}",20,13,11.248858075338548,"{0: 7, 1: 0, 2: 0, 3: 0, 4: 0}",1
2189,False,"{'a': 0.001, 'e': 0.11202872134297796}",25,17,10.589118694645764,"{0: 7, 1: 1, 2: 0, 3: 0, 4: 0}",1
2190,False,"{'a': 0.001, 'e': 0.11191674861732888}",20,8,20.677736909161414,"{0: 12, 1: 0, 2: 0, 3: 0, 4: 0}",1
2191,False,"{'a': 0.001, 'e': 0.11180488780843774}",20,14,13.207146187425092,"{0: 6, 1: 0, 2: 0, 3: 0, 4: 0}",1
2192,False,"{'a': 0.001, 'e': 0.11169313880444368}",30,20,20.595760938624828,"{0: 10, 1: 0, 2: 0, 3: 0, 4: 0}",1
2193,False,"{'a': 0.001, 'e': 0.11158150149359779}",30,18,13.589565871856873,"{0: 11, 1: 0, 2: 1, 3: 0, 4: 0}",1
2194,False,"{'a': 0.001, 'e': 0.11146997576426268}",30,22,17.437499399017348,"{0: 8, 1: 0, 2: 0, 3: 0, 4: 0}",1
2195,False,"{'a': 0.001, 'e': 0.11135856150491262}",25,11,-22.99771822560187,"{0: 12, 1: 0, 2: 1, 3: 0, 4: 1}",1
2196,False,"{'a': 0.001, 'e': 0.1112472586041333}",20,14,10.152538355291082,"{0: 6, 1: 0, 2: 0, 3: 0, 4: 0}",1
2197,False,"{'a': 0.001, 'e': 0.1111360669506219}",30,15,18.986494774774975,"{0: 14, 1: 1, 2: 0, 3: 0, 4: 0}",1
2198,False,"{'a': 0.001, 'e': 0.11102498643318673}",20,12,14.780284188329393,"{0: 8, 1: 0, 2: 0, 3: 0, 4: 0}",1
2199,False,"{'a': 0.001, 'e': 0.11091401694074722}",25,5,23.623961468397823,"{0: 19, 1: 0, 2: 1, 3: 0, 4: 0}",1
2200,False,"{'a': 0.001, 'e': 0.11080315836233387}",25,10,16.843681956769792,"{0: 14, 1: 0, 2: 1, 3: 0, 4: 0}",1
2201,False,"{'a': 0.001, 'e': 0.11069241058708815}",25,13,19.871947924651995,"{0: 12, 1: 0, 2: 0, 3: 0, 4: 0}",1
2202,False,"{'a': 0.001, 'e': 0.11058177350426224}",25,11,27.540854793109364,"{0: 14, 1: 0, 2: 0, 3: 0, 4: 0}",1
2203,False,"{'a': 0.001, 'e': 0.11047124700321906}",25,17,12.05920630387715,"{0: 8, 1: 0, 2: 0, 3: 0, 4: 0}",1
2204,False,"{'a': 0.001, 'e': 0.11036083097343202}",30,17,12.870765904534608,"{0: 12, 1: 0, 2: 1, 3: 0, 4: 0}",1
2205,False,"{'a': 0.001, 'e': 0.11025052530448522}",25,18,12.387814566197102,"{0: 7, 1: 0, 2: 0, 3: 0, 4: 0}",1
2206,False,"{'a': 0.001, 'e': 0.1101403298860729}",20,6,11.960589282027014,"{0: 13, 1: 0, 2: 1, 3: 0, 4: 0}",1
2207,False,"{'a': 0.001, 'e': 0.11003024460799965}",30,0,37.469352212652176,"{0: 29, 1: 1, 2: 0, 3: 0, 4: 0}",1
2208,False,"{'a': 0.001, 'e': 0.10992026936018012}",30,4,40.07560483647103,"{0: 26, 1: 0, 2: 0, 3: 0, 4: 0}",1
2209,False,"{'a': 0.001, 'e': 0.10981040403263917}",20,11,12.25942214499142,"{0: 9, 1: 0, 2: 0, 3: 0, 4: 0}",1
2210,False,"{'a': 0.001, 'e': 0.10970064851551141}",25,17,17.61874276345647,"{0: 8, 1: 0, 2: 0, 3: 0, 4: 0}",1
2211,False,"{'a': 0.001, 'e': 0.10959100269904129}",20,1,12.391994715217809,"{0: 16, 1: 3, 2: 0, 3: 0, 4: 0}",1
2212,False,"{'a': 0.001, 'e': 0.10948146647358296}",20,16,6.861648357657038,"{0: 4, 1: 0, 2: 0, 3: 0, 4: 0}",1
2213,False,"{'a': 0.001, 'e': 0.10937203972960027}",20,8,18.240886902986716,"{0: 11, 1: 1, 2: 0, 3: 0, 4: 0}",1
2214,False,"{'a': 0.001, 'e': 0.10926272235766643}",20,10,5.162947902355933,"{0: 9, 1: 0, 2: 1, 3: 0, 4: 0}",1
2215,False,"{'a': 0.001, 'e': 0.10915351424846406}",30,16,16.171073286195767,"{0: 13, 1: 0, 2: 1, 3: 0, 4: 0}",1
2216,False,"{'a': 0.001, 'e': 0.10904441529278498}",20,15,-11.6685319620088,"{0: 4, 1: 0, 2: 0, 3: 1, 4: 0}",1
2217,False,"{'a': 0.001, 'e': 0.10893542538153032}",30,14,-7.195680715237109,"{0: 13, 1: 0, 2: 3, 3: 0, 4: 0}",1
2218,False,"{'a': 0.001, 'e': 0.10882654440571013}",30,21,18.537499102552452,"{0: 9, 1: 0, 2: 0, 3: 0, 4: 0}",1
2219,False,"{'a': 0.001, 'e': 0.10871777225644341}",25,20,10.755738709662285,"{0: 5, 1: 0, 2: 0, 3: 0, 4: 0}",1
2220,False,"{'a': 0.001, 'e': 0.10860910882495796}",20,7,13.600568911297254,"{0: 12, 1: 1, 2: 0, 3: 0, 4: 0}",1
2221,False,"{'a': 0.001, 'e': 0.10850055400259043}",25,19,9.596360481546961,"{0: 6, 1: 0, 2: 0, 3: 0, 4: 0}",1
2222,False,"{'a': 0.001, 'e': 0.10839210768078596}",30,11,21.989540961090768,"{0: 18, 1: 0, 2: 1, 3: 0, 4: 0}",1
2223,False,"{'a': 0.001, 'e': 0.10828376975109819}",25,0,28.646678578464684,"{0: 24, 1: 0, 2: 1, 3: 0, 4: 0}",0
2224,False,"{'a': 0.001, 'e': 0.10817554010518914}",30,16,10.555077936581414,"{0: 13, 1: 0, 2: 1, 3: 0, 4: 0}",1
2225,False,"{'a': 0.001, 'e': 0.10806741863482926}",30,16,25.83758672076321,"{0: 14, 1: 0, 2: 0, 3: 0, 4: 0}",1
2226,False,"{'a': 0.001, 'e': 0.10795940523189702}",30,16,28.870989384835756,"{0: 14, 1: 0, 2: 0, 3: 0, 4: 0}",1
2227,False,"{'a': 0.001, 'e': 0.10785149978837902}",25,18,15.19001861387083,"{0: 7, 1: 0, 2: 0, 3: 0, 4: 0}",1
2228,False,"{'a': 0.001, 'e': 0.10774370219636975}",20,12,3.032536710861571,"{0: 7, 1: 0, 2: 1, 3: 0, 4: 0}",1
2229,False,"{'a': 0.001, 'e': 0.10763601234807169}",20,13,11.46060009620002,"{0: 7, 1: 0, 2: 0, 3: 0, 4: 0}",1
2230,False,"{'a': 0.001, 'e': 0.10752843013579495}",25,13,11.623774398907251,"{0: 11, 1: 0, 2: 1, 3: 0, 4: 0}",1
2231,False,"{'a': 0.001, 'e': 0.10742095545195732}",20,15,8.638329051288254,"{0: 5, 1: 0, 2: 0, 3: 0, 4: 0}",1
2232,False,"{'a': 0.001, 'e': 0.10731358818908403}",20,11,15.658387118188111,"{0: 9, 1: 0, 2: 0, 3: 0, 4: 0}",1
2233,False,"{'a': 0.001, 'e': 0.10720632823980793}",20,0,31.48898302475988,"{0: 20, 1: 0, 2: 0, 3: 0, 4: 0}",0
2234,False,"{'a': 0.001, 'e': 0.107099175496869}",30,9,33.40918915444853,"{0: 21, 1: 0, 2: 0, 3: 0, 4: 0}",1
2235,False,"{'a': 0.001, 'e': 0.10699212985311449}",20,9,21.136575417697752,"{0: 11, 1: 0, 2: 0, 3: 0, 4: 0}",1
2236,False,"{'a': 0.001, 'e': 0.1068851912014987}",30,14,27.23033390249143,"{0: 16, 1: 0, 2: 0, 3: 0, 4: 0}",1
2237,False,"{'a': 0.001, 'e': 0.10677835943508306}",30,13,28.403254849179454,"{0: 17, 1: 0, 2: 0, 3: 0, 4: 0}",1
2238,False,"{'a': 0.001, 'e': 0.10667163444703576}",20,15,8.07665298326721,"{0: 5, 1: 0, 2: 0, 3: 0, 4: 0}",1
2239,False,"{'a': 0.001, 'e': 0.1065650161306318}",30,13,30.54174161201813,"{0: 17, 1: 0, 2: 0, 3: 0, 4: 0}",1
2240,False,"{'a': 0.001, 'e': 0.1064585043792528}",25,11,26.496041897514573,"{0: 14, 1: 0, 2: 0, 3: 0, 4: 0}",1
2241,False,"{'a': 0.001, 'e': 0.1063520990863871}",20,9,19.67858832741198,"{0: 11, 1: 0, 2: 0, 3: 0, 4: 0}",1
2242,False,"{'a': 0.001, 'e': 0.10624580014562934}",25,0,30.81599426892807,"{0: 24, 1: 1, 2: 0, 3: 0, 4: 0}",1
2243,False,"{'a': 0.001, 'e': 0.1061396074506806}",20,14,9.056075968042055,"{0: 6, 1: 0, 2: 0, 3: 0, 4: 0}",1
2244,False,"{'a': 0.001, 'e': 0.1060335208953481}",20,15,10.150725804488198,"{0: 5, 1: 0, 2: 0, 3: 0, 4: 0}",1
2245,False,"{'a': 0.001, 'e': 0.10592754037354536}",20,8,13.44315672004469,"{0: 11, 1: 0, 2: 1, 3: 0, 4: 0}",1
2246,False,"{'a': 0.001, 'e': 0.10582166577929185}",20,9,15.41754002217847,"{0: 10, 1: 1, 2: 0, 3: 0, 4: 0}",1
2247,False,"{'a': 0.001, 'e': 0.10571589700671291}",25,19,11.45413799602764,"{0: 6, 1: 0, 2: 0, 3: 0, 4: 0}",1
2248,False,"{'a': 0.001, 'e': 0.10561023395003975}",25,15,19.199525210484133,"{0: 10, 1: 0, 2: 0, 3: 0, 4: 0}",1
2249,False,"{'a': 0.001, 'e': 0.1055046765036094}",25,13,22.178063586739654,"{0: 12, 1: 0, 2: 0, 3: 0, 4: 0}",1
2250,False,"{'a': 0.001, 'e': 0.10539922456186433}",20,13,1.2840773704683395,"{0: 6, 1: 0, 2: 1, 3: 0, 4: 0}",1
2251,False,"{'a': 0.001, 'e': 0.10529387801935262}",30,13,-10.156254378828383,"{0: 16, 1: 0, 2: 0, 3: 0, 4: 1}",1
2252,False,"{'a': 0.001, 'e': 0.10518863677072765}",25,18,14.476391403041653,"{0: 7, 1: 0, 2: 0, 3: 0, 4: 0}",1
2253,False,"{'a': 0.001, 'e': 0.10508350071074826}",25,17,17.143325385057885,"{0: 8, 1: 0, 2: 0, 3: 0, 4: 0}",1
2254,False,"{'a': 0.001, 'e': 0.10497846973427834}",30,22,15.610889187074424,"{0: 8, 1: 0, 2: 0, 3: 0, 4: 0}",1
2255,False,"{'a': 0.001, 'e': 0.1048735437362869}",20,10,9.388482779556325,"{0: 9, 1: 0, 2: 1, 3: 0, 4: 0}",1
2256,False,"{'a': 0.001, 'e': 0.10476872261184789}",20,15,10.721377697938399,"{0: 5, 1: 0, 2: 0, 3: 0, 4: 0}",1
2257,False,"{'a': 0.001, 'e': 0.10466400625614027}",25,11,12.406591824330446,"{0: 13, 1: 0, 2: 1, 3: 0, 4: 0}",1
2258,False,"{'a': 0.001, 'e': 0.10455939456444763}",20,12,18.133143240718013,"{0: 8, 1: 0, 2: 0, 3: 0, 4: 0}",1
2259,False,"{'a': 0.001, 'e': 0.10445488743215826}",25,15,16.738858212134097,"{0: 10, 1: 0, 2: 0, 3: 0, 4: 0}",1
2260,False,"{'a': 0.001, 'e': 0.104350484754765}",25,14,-0.7964634517038294,"{0: 10, 1: 0, 2: 0, 3: 1, 4: 0}",1
2261,False,"{'a': 0.001, 'e': 0.10424618642786522}",30,8,35.52537603376085,"{0: 22, 1: 0, 2: 0, 3: 0, 4: 0}",1
2262,False,"{'a': 0.001, 'e': 0.10414199234716055}",20,10,9.38429172184815,"{0: 9, 1: 1, 2: 0, 3: 0, 4: 0}",1
2263,False,"{'a': 0.001, 'e': 0.10403790240845692}",20,5,23.984885260576508,"{0: 15, 1: 0, 2: 0, 3: 0, 4: 0}",1
2264,False,"{'a': 0.001, 'e': 0.10393391650766431}",20,7,24.809846702153,"{0: 13, 1: 0, 2: 0, 3: 0, 4: 0}",1
2265,False,"{'a': 0.001, 'e': 0.10383003454079692}",25,15,21.733829607579835,"{0: 10, 1: 0, 2: 0, 3: 0, 4: 0}",1
2266,False,"{'a': 0.001, 'e': 0.10372625640397273}",20,12,-3.972516389592829,"{0: 6, 1: 1, 2: 1, 3: 0, 4: 0}",1
2267,False,"{'a': 0.001, 'e': 0.10362258199341358}",20,12,14.280095114411164,"{0: 8, 1: 0, 2: 0, 3: 0, 4: 0}",1
2268,False,"{'a': 0.001, 'e': 0.10351901120544502}",20,9,23.34077573966811,"{0: 11, 1: 0, 2: 0, 3: 0, 4: 0}",1
2269,False,"{'a': 0.001, 'e': 0.10341554393649634}",25,17,16.570535292429945,"{0: 8, 1: 0, 2: 0, 3: 0, 4: 0}",1
2270,False,"{'a': 0.001, 'e': 0.1033121800831002}",25,10,31.000279680070307,"{0: 15, 1: 0, 2: 0, 3: 0, 4: 0}",1
2271,False,"{'a': 0.001, 'e': 0.10320891954189276}",35,18,30.436374666642966,"{0: 17, 1: 0, 2: 0, 3: 0, 4: 0}",1
2272,False,"{'a': 0.001, 'e': 0.10310576220961341}",30,18,21.862147055456145,"{0: 12, 1: 0, 2: 0, 3: 0, 4: 0}",1
2273,False,"{'a': 0.001, 'e': 0.10300270798310492}",30,17,16.429812147300055,"{0: 12, 1: 0, 2: 1, 3: 0, 4: 0}",1
2274,False,"{'a': 0.001, 'e': 0.102899756759313}",35,18,29.541246430380067,"{0: 17, 1: 0, 2: 0, 3: 0, 4: 0}",1
2275,False,"{'a': 0.001, 'e': 0.1027969084352864}",30,16,22.09409513319697,"{0: 14, 1: 0, 2: 0, 3: 0, 4: 0}",1
2276,False,"{'a': 0.001, 'e': 0.10269416290817676}",20,12,2.3358692297094428,"{0: 7, 1: 0, 2: 1, 3: 0, 4: 0}",1
2277,False,"{'a': 0.001, 'e': 0.10259152007523863}",35,19,14.48875702960652,"{0: 15, 1: 0, 2: 1, 3: 0, 4: 0}",1
2278,False,"{'a': 0.001, 'e': 0.10248897983382912}",30,10,25.986605506526907,"{0: 18, 1: 2, 2: 0, 3: 0, 4: 0}",1
2279,False,"{'a': 0.001, 'e': 0.102386542081408}",30,12,29.023366504633184,"{0: 17, 1: 1, 2: 0, 3: 0, 4: 0}",1
2280,False,"{'a': 0.001, 'e': 0.10228420671553744}",20,6,27.0140127937724,"{0: 14, 1: 0, 2: 0, 3: 0, 4: 0}",1
2281,False,"{'a': 0.001, 'e': 0.10218197363388216}",25,19,11.981842915274477,"{0: 6, 1: 0, 2: 0, 3: 0, 4: 0}",1
2282,False,"{'a': 0.001, 'e': 0.10207984273420903}",20,8,10.193658552422761,"{0: 11, 1: 0, 2: 1, 3: 0, 4: 0}",1
2283,False,"{'a': 0.001, 'e': 0.10197781391438715}",20,12,-28.947462325839687,"{0: 7, 1: 0, 2: 0, 3: 0, 4: 1}",1
2284,False,"{'a': 0.001, 'e': 0.10187588707238764}",25,13,17.928707350106748,"{0: 11, 1: 1, 2: 0, 3: 0, 4: 0}",1
2285,False,"{'a': 0.001, 'e': 0.10177406210628372}",25,13,22.281827939706623,"{0: 12, 1: 0, 2: 0, 3: 0, 4: 0}",1
2286,False,"{'a': 0.001, 'e': 0.1016723389142504}",20,15,11.117235821387213,"{0: 5, 1: 0, 2: 0, 3: 0, 4: 0}",1
2287,False,"{'a': 0.001, 'e': 0.10157071739456447}",30,12,14.618923500355363,"{0: 17, 1: 0, 2: 0, 3: 1, 4: 0}",1
2288,False,"{'a': 0.001, 'e': 0.10146919744560434}",25,7,-13.923715494029684,"{0: 17, 1: 0, 2: 0, 3: 0, 4: 1}",1
2289,False,"{'a': 0.001, 'e': 0.10136777896585017}",20,9,18.402998521084207,"{0: 11, 1: 0, 2: 0, 3: 0, 4: 0}",1
2290,False,"{'a': 0.001, 'e': 0.1012664618538834}",20,0,18.345666403984684,"{0: 19, 1: 0, 2: 1, 3: 0, 4: 0}",0
2291,False,"{'a': 0.001, 'e': 0.10116524600838693}",25,10,18.609504618344282,"{0: 14, 1: 1, 2: 0, 3: 0, 4: 0}",1
2292,False,"{'a': 0.001, 'e': 0.10106413132814486}",20,15,-13.705127665251137,"{0: 4, 1: 0, 2: 0, 3: 1, 4: 0}",1
2293,False,"{'a': 0.001, 'e': 0.10096311771204257}",20,14,10.532131063167018,"{0: 6, 1: 0, 2: 0, 3: 0, 4: 0}",1
2294,False,"{'a': 0.001, 'e': 0.10086220505906641}",20,2,2.216076015358825,"{0: 15, 1: 1, 2: 2, 3: 0, 4: 0}",1
2295,False,"{'a': 0.001, 'e': 0.10076139326830373}",20,6,24.728627646851333,"{0: 14, 1: 0, 2: 0, 3: 0, 4: 0}",1
2296,False,"{'a': 0.001, 'e': 0.10066068223894266}",25,16,16.738254111561012,"{0: 9, 1: 0, 2: 0, 3: 0, 4: 0}",1
2297,False,"{'a': 0.001, 'e': 0.10056007187027226}",25,17,15.061713891797027,"{0: 8, 1: 0, 2: 0, 3: 0, 4: 0}",1
2298,False,"{'a': 0.001, 'e': 0.1004595620616821}",30,11,29.33318156282702,"{0: 18, 1: 1, 2: 0, 3: 0, 4: 0}",1
2299,False,"{'a': 0.001, 'e': 0.1003591527126624}",20,8,23.677292835245964,"{0: 12, 1: 0, 2: 0, 3: 0, 4: 0}",1
2300,False,"{'a': 0.001, 'e': 0.1002588437228037}",25,12,-25.446755769054477,"{0: 11, 1: 0, 2: 1, 3: 0, 4: 1}",1
2301,False,"{'a': 0.001, 'e': 0.10015863499179714}",20,12,6.011174496409952,"{0: 7, 1: 1, 2: 0, 3: 0, 4: 0}",1
2302,False,"{'a': 0.001, 'e': 0.10005852641943393}",20,10,21.579119586459143,"{0: 10, 1: 0, 2: 0, 3: 0, 4: 0}",1
2303,False,"{'a': 0.001, 'e': 0.09995851790560546}",30,22,16.815559502817223,"{0: 8, 1: 0, 2: 0, 3: 0, 4: 0}",1
2304,False,"{'a': 0.001, 'e': 0.09985860935030318}",25,15,-20.84804939418065,"{0: 9, 1: 0, 2: 0, 3: 0, 4: 1}",1
2305,False,"{'a': 0.001, 'e': 0.09975880065361863}",20,6,20.54347416141513,"{0: 14, 1: 0, 2: 0, 3: 0, 4: 0}",1
2306,False,"{'a': 0.001, 'e': 0.09965909171574303}",25,15,-3.363968809131726,"{0: 8, 1: 0, 2: 2, 3: 0, 4: 0}",1
2307,False,"{'a': 0.001, 'e': 0.09955948243696745}",25,15,10.5252749505504,"{0: 9, 1: 1, 2: 0, 3: 0, 4: 0}",1
2308,False,"{'a': 0.001, 'e': 0.09945997271768262}",20,2,34.596234670678534,"{0: 18, 1: 0, 2: 0, 3: 0, 4: 0}",1
2309,False,"{'a': 0.001, 'e': 0.09936056245837875}",20,11,8.49452895928696,"{0: 8, 1: 1, 2: 0, 3: 0, 4: 0}",1
2310,False,"{'a': 0.001, 'e': 0.09926125155964566}",25,6,-5.681524218196481,"{0: 18, 1: 0, 2: 0, 3: 0, 4: 1}",1
2311,False,"{'a': 0.001, 'e': 0.09916203992217239}",20,11,16.19022739590439,"{0: 9, 1: 0, 2: 0, 3: 0, 4: 0}",1
2312,False,"{'a': 0.001, 'e': 0.09906292744674731}",30,18,7.605739664233463,"{0: 11, 1: 0, 2: 1, 3: 0, 4: 0}",1
2313,False,"{'a': 0.001, 'e': 0.0989639140342579}",25,14,22.619224285652834,"{0: 11, 1: 0, 2: 0, 3: 0, 4: 0}",1
2314,False,"{'a': 0.001, 'e': 0.09886499958569081}",30,13,31.33858514324826,"{0: 17, 1: 0, 2: 0, 3: 0, 4: 0}",1
2315,False,"{'a': 0.001, 'e': 0.09876618400213154}",25,11,24.39017173859415,"{0: 14, 1: 0, 2: 0, 3: 0, 4: 0}",1
2316,False,"{'a': 0.001, 'e': 0.0986674671847645}",25,7,23.533113648055828,"{0: 17, 1: 1, 2: 0, 3: 0, 4: 0}",1
2317,False,"{'a': 0.001, 'e': 0.09856884903487283}",20,5,12.855801782920636,"{0: 14, 1: 0, 2: 1, 3: 0, 4: 0}",1
2318,False,"{'a': 0.001, 'e': 0.09847032945383845}",20,7,25.655413148127487,"{0: 13, 1: 0, 2: 0, 3: 0, 4: 0}",1
2319,False,"{'a': 0.001, 'e': 0.09837190834314173}",20,16,9.502378904908744,"{0: 4, 1: 0, 2: 0, 3: 0, 4: 0}",1
2320,False,"{'a': 0.001, 'e': 0.09827358560436154}",25,18,12.842357532190693,"{0: 7, 1: 0, 2: 0, 3: 0, 4: 0}",1
2321,False,"{'a': 0.001, 'e': 0.09817536113917512}",25,14,24.143355674277576,"{0: 11, 1: 0, 2: 0, 3: 0, 4: 0}",1
2322,False,"{'a': 0.001, 'e': 0.09807723484935806}",25,14,20.909951026139275,"{0: 11, 1: 0, 2: 0, 3: 0, 4: 0}",1
2323,False,"{'a': 0.001, 'e': 0.09797920663678401}",30,19,15.330318873946592,"{0: 10, 1: 1, 2: 0, 3: 0, 4: 0}",1
2324,False,"{'a': 0.001, 'e': 0.09788127640342477}",30,14,25.156403358393323,"{0: 16, 1: 0, 2: 0, 3: 0, 4: 0}",1
2325,False,"{'a': 0.001, 'e': 0.09778344405135005}",30,12,8.575733593991783,"{0: 16, 1: 0, 2: 2, 3: 0, 4: 0}",1
2326,False,"{'a': 0.001, 'e': 0.09768570948272756}",25,15,21.21971313822074,"{0: 10, 1: 0, 2: 0, 3: 0, 4: 0}",1
2327,False,"{'a': 0.001, 'e': 0.0975880725998227}",20,10,18.402440834065622,"{0: 10, 1: 0, 2: 0, 3: 0, 4: 0}",1
2328,False,"{'a': 0.001, 'e': 0.09749053330499859}",25,16,16.576836212272255,"{0: 9, 1: 0, 2: 0, 3: 0, 4: 0}",1
2329,False,"{'a': 0.001, 'e': 0.09739309150071584}",20,6,10.364945208386477,"{0: 13, 1: 0, 2: 1, 3: 0, 4: 0}",1
2330,False,"{'a': 0.001, 'e': 0.09729574708953276}",25,16,15.0912032025185,"{0: 9, 1: 0, 2: 0, 3: 0, 4: 0}",1
2331,False,"{'a': 0.001, 'e': 0.09719849997410487}",20,14,12.64169197444912,"{0: 6, 1: 0, 2: 0, 3: 0, 4: 0}",1
2332,False,"{'a': 0.001, 'e': 0.09710135005718508}",25,15,19.498404215460546,"{0: 10, 1: 0, 2: 0, 3: 0, 4: 0}",1
2333,False,"{'a': 0.001, 'e': 0.09700429724162336}",20,16,7.163566727161013,"{0: 4, 1: 0, 2: 0, 3: 0, 4: 0}",1
2334,False,"{'a': 0.001, 'e': 0.09690734143036704}",25,9,15.958288728688434,"{0: 15, 1: 0, 2: 1, 3: 0, 4: 0}",1
2335,False,"{'a': 0.001, 'e': 0.09681048252646021}",20,12,14.28325466953374,"{0: 8, 1: 0, 2: 0, 3: 0, 4: 0}",1
2336,False,"{'a': 0.001, 'e': 0.09671372043304398}",20,14,12.102017654281045,"{0: 6, 1: 0, 2: 0, 3: 0, 4: 0}",1
2337,False,"{'a': 0.001, 'e': 0.09661705505335619}",20,15,-32.10366928421238,"{0: 4, 1: 0, 2: 0, 3: 0, 4: 1}",1
2338,False,"{'a': 0.001, 'e': 0.09652048629073155}",20,11,14.81493274573108,"{0: 9, 1: 0, 2: 0, 3: 0, 4: 0}",1
2339,False,"{'a': 0.001, 'e': 0.09642401404860125}",30,21,4.738502983972454,"{0: 8, 1: 0, 2: 1, 3: 0, 4: 0}",1
2340,False,"{'a': 0.001, 'e': 0.09632763823049303}",25,14,19.11806534559443,"{0: 11, 1: 0, 2: 0, 3: 0, 4: 0}",1
2341,False,"{'a': 0.001, 'e': 0.09623135874003103}",25,10,25.55334000098186,"{0: 14, 1: 1, 2: 0, 3: 0, 4: 0}",1
2342,False,"{'a': 0.001, 'e': 0.09613517548093582}",25,17,15.274985689468625,"{0: 8, 1: 0, 2: 0, 3: 0, 4: 0}",1
2343,False,"{'a': 0.001, 'e': 0.09603908835702411}",20,14,10.958613750410015,"{0: 6, 1: 0, 2: 0, 3: 0, 4: 0}",1
2344,False,"{'a': 0.001, 'e': 0.09594309727220877}",25,17,14.404523274725518,"{0: 8, 1: 0, 2: 0, 3: 0, 4: 0}",1
2345,False,"{'a': 0.001, 'e': 0.09584720213049865}",20,5,14.380861252548439,"{0: 14, 1: 0, 2: 1, 3: 0, 4: 0}",1
2346,False,"{'a': 0.001, 'e': 0.09575140283599869}",20,15,9.363987859405917,"{0: 5, 1: 0, 2: 0, 3: 0, 4: 0}",1
2347,False,"{'a': 0.001, 'e': 0.09565569929290954}",20,11,18.373260245877724,"{0: 9, 1: 0, 2: 0, 3: 0, 4: 0}",1
2348,False,"{'a': 0.001, 'e': 0.09556009140552765}",25,15,10.443824328062934,"{0: 9, 1: 1, 2: 0, 3: 0, 4: 0}",1
2349,False,"{'a': 0.001, 'e': 0.0954645790782451}",30,16,20.467799901664474,"{0: 13, 1: 1, 2: 0, 3: 0, 4: 0}",1
2350,False,"{'a': 0.001, 'e': 0.09536916221554961}",25,13,22.39122486506745,"{0: 12, 1: 0, 2: 0, 3: 0, 4: 0}",1
2351,False,"{'a': 0.001, 'e': 0.09527384072202429}",25,12,28.039400579327168,"{0: 13, 1: 0, 2: 0, 3: 0, 4: 0}",1
2352,False,"{'a': 0.001, 'e': 0.09517861450234763}",30,16,29.72946966335537,"{0: 14, 1: 0, 2: 0, 3: 0, 4: 0}",1
2353,False,"{'a': 0.001, 'e': 0.09508348346129337}",20,12,-0.2092036941373565,"{0: 7, 1: 0, 2: 1, 3: 0, 4: 0}",1
2354,False,"{'a': 0.001, 'e': 0.09498844750373053}",20,8,21.01552508193614,"{0: 12, 1: 0, 2: 0, 3: 0, 4: 0}",1
2355,False,"{'a': 0.001, 'e': 0.09489350653462311}",25,18,14.64404566851125,"{0: 7, 1: 0, 2: 0, 3: 0, 4: 0}",1
2356,False,"{'a': 0.001, 'e': 0.09479866045903014}",30,18,20.443308096141443,"{0: 12, 1: 0, 2: 0, 3: 0, 4: 0}",1
2357,False,"{'a': 0.001, 'e': 0.09470390918210547}",20,0,27.47711900187751,"{0: 20, 1: 0, 2: 0, 3: 0, 4: 0}",0
2358,False,"{'a': 0.001, 'e': 0.09460925260909793}",20,7,21.525073880105488,"{0: 13, 1: 0, 2: 0, 3: 0, 4: 0}",1
2359,False,"{'a': 0.001, 'e': 0.09451469064535088}",25,3,34.908596911252936,"{0: 22, 1: 0, 2: 0, 3: 0, 4: 0}",1
2360,False,"{'a': 0.001, 'e': 0.09442022319630235}",25,13,22.4608661831839,"{0: 12, 1: 0, 2: 0, 3: 0, 4: 0}",1
2361,False,"{'a': 0.001, 'e': 0.09432585016748485}",25,18,17.06295974485822,"{0: 7, 1: 0, 2: 0, 3: 0, 4: 0}",1
2362,False,"{'a': 0.001, 'e': 0.0942315714645254}",20,0,32.359922238042046,"{0: 20, 1: 0, 2: 0, 3: 0, 4: 0}",0
2363,False,"{'a': 0.001, 'e': 0.09413738699314529}",20,12,14.829753378645812,"{0: 8, 1: 0, 2: 0, 3: 0, 4: 0}",1
2364,False,"{'a': 0.001, 'e': 0.09404329665916}",25,13,-0.16285292333490897,"{0: 11, 1: 0, 2: 0, 3: 1, 4: 0}",1
2365,False,"{'a': 0.001, 'e': 0.09394930036847918}",25,13,22.471777380911366,"{0: 12, 1: 0, 2: 0, 3: 0, 4: 0}",1
2366,False,"{'a': 0.001, 'e': 0.09385539802710659}",35,23,8.34413690871937,"{0: 11, 1: 0, 2: 1, 3: 0, 4: 0}",1
2367,False,"{'a': 0.001, 'e': 0.09376158954113986}",20,11,11.591736600936978,"{0: 8, 1: 1, 2: 0, 3: 0, 4: 0}",1
2368,False,"{'a': 0.001, 'e': 0.09366787481677047}",20,15,10.241693178277046,"{0: 5, 1: 0, 2: 0, 3: 0, 4: 0}",1
2369,False,"{'a': 0.001, 'e': 0.09357425376028367}",30,24,15.137564627705268,"{0: 6, 1: 0, 2: 0, 3: 0, 4: 0}",1
2370,False,"{'a': 0.001, 'e': 0.09348072627805847}",25,18,12.560272480575149,"{0: 7, 1: 0, 2: 0, 3: 0, 4: 0}",1
2371,False,"{'a': 0.001, 'e': 0.09338729227656732}",35,19,18.796715982934113,"{0: 15, 1: 0, 2: 1, 3: 0, 4: 0}",1
2372,False,"{'a': 0.001, 'e': 0.09329395166237625}",20,7,9.760211215565432,"{0: 12, 1: 0, 2: 1, 3: 0, 4: 0}",1
2373,False,"{'a': 0.001, 'e': 0.09320070434214457}",30,16,27.06515522657877,"{0: 14, 1: 0, 2: 0, 3: 0, 4: 0}",1
2374,False,"{'a': 0.001, 'e': 0.09310755022262504}",25,5,32.20023116117028,"{0: 20, 1: 0, 2: 0, 3: 0, 4: 0}",1
2375,False,"{'a': 0.001, 'e': 0.09301448921066349}",20,15,8.910421826562427,"{0: 5, 1: 0, 2: 0, 3: 0, 4: 0}",1
2376,False,"{'a': 0.001, 'e': 0.0929215212131989}",20,2,28.540289827810152,"{0: 18, 1: 0, 2: 0, 3: 0, 4: 0}",1
2377,False,"{'a': 0.001, 'e': 0.09282864613726323}",20,16,8.533519405563998,"{0: 4, 1: 0, 2: 0, 3: 0, 4: 0}",1
2378,False,"{'a': 0.001, 'e': 0.09273586388998147}",25,14,-22.05143629635735,"{0: 10, 1: 0, 2: 0, 3: 0, 4: 1}",1
2379,False,"{'a': 0.001, 'e': 0.09264317437857132}",30,12,23.47131595630482,"{0: 17, 1: 0, 2: 1, 3: 0, 4: 0}",1
2380,False,"{'a': 0.001, 'e': 0.09255057751034329}",30,15,-22.48768801698737,"{0: 13, 1: 1, 2: 0, 3: 0, 4: 1}",1
2381,False,"{'a': 0.001, 'e': 0.09245807319270043}",25,20,9.202692111253418,"{0: 5, 1: 0, 2: 0, 3: 0, 4: 0}",1
2382,False,"{'a': 0.001, 'e': 0.0923656613331385}",20,7,25.253948173216145,"{0: 13, 1: 0, 2: 0, 3: 0, 4: 0}",1
2383,False,"{'a': 0.001, 'e': 0.09227334183924561}",25,2,-5.992703894750405,"{0: 20, 1: 1, 2: 1, 3: 1, 4: 0}",1
2384,False,"{'a': 0.001, 'e': 0.09218111461870225}",20,13,9.061507973289363,"{0: 7, 1: 0, 2: 0, 3: 0, 4: 0}",1
2385,False,"{'a': 0.001, 'e': 0.09208897957928115}",20,0,-8.93736022673083,"{0: 18, 1: 0, 2: 0, 3: 2, 4: 0}",0
2386,False,"{'a': 0.001, 'e': 0.09199693662884734}",30,2,-10.113854277038854,"{0: 26, 1: 0, 2: 1, 3: 0, 4: 1}",1
2387,False,"{'a': 0.001, 'e': 0.09190498567535783}",20,3,-12.534517352698424,"{0: 16, 1: 0, 2: 0, 3: 0, 4: 1}",1
2388,False,"{'a': 0.001, 'e': 0.09181312662686165}",20,8,20.517670725478784,"{0: 12, 1: 0, 2: 0, 3: 0, 4: 0}",1
2389,False,"{'a': 0.001, 'e': 0.09172135939149971}",35,15,13.920480577046362,"{0: 19, 1: 0, 2: 0, 3: 1, 4: 0}",1
2390,False,"{'a': 0.001, 'e': 0.09162968387750484}",20,7,18.184250169617393,"{0: 13, 1: 0, 2: 0, 3: 0, 4: 0}",1
2391,False,"{'a': 0.001, 'e': 0.09153809999320149}",20,8,28.78462792453776,"{0: 12, 1: 0, 2: 0, 3: 0, 4: 0}",1
2392,False,"{'a': 0.001, 'e': 0.09144660764700575}",20,12,-2.445432797104667,"{0: 6, 1: 1, 2: 1, 3: 0, 4: 0}",1
2393,False,"{'a': 0.001, 'e': 0.09135520674742525}",20,12,14.273217976500007,"{0: 8, 1: 0, 2: 0, 3: 0, 4: 0}",1
2394,False,"{'a': 0.001, 'e': 0.09126389720305915}",25,20,9.401401055094954,"{0: 5, 1: 0, 2: 0, 3: 0, 4: 0}",1
2395,False,"{'a': 0.001, 'e': 0.09117267892259785}",25,15,19.00071782660662,"{0: 10, 1: 0, 2: 0, 3: 0, 4: 0}",1
2396,False,"{'a': 0.001, 'e': 0.09108155181482308}",20,13,12.750646439960992,"{0: 7, 1: 0, 2: 0, 3: 0, 4: 0}",1
2397,False,"{'a': 0.001, 'e': 0.09099051578860767}",20,12,13.432977074823857,"{0: 8, 1: 0, 2: 0, 3: 0, 4: 0}",1
2398,False,"{'a': 0.001, 'e': 0.09089957075291567}",25,13,18.250698828208453,"{0: 12, 1: 0, 2: 0, 3: 0, 4: 0}",1
2399,False,"{'a': 0.001, 'e': 0.090808716616802}",20,6,-0.6489984304651102,"{0: 12, 1: 0, 2: 2, 3: 0, 4: 0}",1
2400,False,"{'a': 0.001, 'e': 0.09071795328941251}",20,6,17.299522899620317,"{0: 13, 1: 1, 2: 0, 3: 0, 4: 0}",1
2401,False,"{'a': 0.001, 'e': 0.09062728067998384}",35,28,12.26230908089027,"{0: 7, 1: 0, 2: 0, 3: 0, 4: 0}",1
2402,False,"{'a': 0.001, 'e': 0.09053669869784343}",20,8,11.290814520648137,"{0: 11, 1: 1, 2: 0, 3: 0, 4: 0}",1
2403,False,"{'a': 0.001, 'e': 0.09044620725240926}",30,18,19.320167983535498,"{0: 12, 1: 0, 2: 0, 3: 0, 4: 0}",1
2404,False,"{'a': 0.001, 'e': 0.0903558062531899}",20,7,14.321999523896434,"{0: 12, 1: 1, 2: 0, 3: 0, 4: 0}",1
2405,False,"{'a': 0.001, 'e': 0.09026549560978427}",25,9,22.585829282066506,"{0: 15, 1: 1, 2: 0, 3: 0, 4: 0}",1
2406,False,"{'a': 0.001, 'e': 0.0901752752318818}",30,4,13.196740566619646,"{0: 23, 1: 1, 2: 2, 3: 0, 4: 0}",1
2407,False,"{'a': 0.001, 'e': 0.0900851450292621}",25,0,14.803702384624073,"{0: 24, 1: 0, 2: 0, 3: 1, 4: 0}",0
2408,False,"{'a': 0.001, 'e': 0.08999510491179491}",30,19,8.369817449001596,"{0: 10, 1: 0, 2: 1, 3: 0, 4: 0}",1
2409,False,"{'a': 0.001, 'e': 0.08990515478944011}",20,0,27.13884435083917,"{0: 20, 1: 0, 2: 0, 3: 0, 4: 0}",0
2410,False,"{'a': 0.001, 'e': 0.08981529457224763}",20,10,16.472751534298887,"{0: 10, 1: 0, 2: 0, 3: 0, 4: 0}",1
2411,False,"{'a': 0.001, 'e': 0.0897255241703572}",20,13,13.406166376505507,"{0: 7, 1: 0, 2: 0, 3: 0, 4: 0}",1
2412,False,"{'a': 0.001, 'e': 0.08963584349399842}",20,14,11.426324941508355,"{0: 6, 1: 0, 2: 0, 3: 0, 4: 0}",1
2413,False,"{'a': 0.001, 'e': 0.08954625245349057}",20,15,9.329607643319145,"{0: 5, 1: 0, 2: 0, 3: 0, 4: 0}",1
2414,False,"{'a': 0.001, 'e': 0.08945675095924267}",25,11,27.799541075919013,"{0: 14, 1: 0, 2: 0, 3: 0, 4: 0}",1
2415,False,"{'a': 0.001, 'e': 0.08936733892175319}",20,8,22.792391762691537,"{0: 12, 1: 0, 2: 0, 3: 0, 4: 0}",1
2416,False,"{'a': 0.001, 'e': 0.08927801625161007}",30,22,13.163852732425733,"{0: 8, 1: 0, 2: 0, 3: 0, 4: 0}",1
2417,False,"{'a': 0.001, 'e': 0.08918878285949061}",20,7,18.536066018596934,"{0: 13, 1: 0, 2: 0, 3: 0, 4: 0}",1
2418,False,"{'a': 0.001, 'e': 0.08909963865616147}",25,13,22.127593153626876,"{0: 12, 1: 0, 2: 0, 3: 0, 4: 0}",1
2419,False,"{'a': 0.001, 'e': 0.08901058355247843}",25,11,30.979047837461778,"{0: 14, 1: 0, 2: 0, 3: 0, 4: 0}",1
2420,False,"{'a': 0.001, 'e': 0.08892161745938634}",25,6,27.39373172320211,"{0: 19, 1: 0, 2: 0, 3: 0, 4: 0}",1
2421,False,"{'a': 0.001, 'e': 0.08883274028791908}",30,13,30.861129557264295,"{0: 17, 1: 0, 2: 0, 3: 0, 4: 0}",1
2422,False,"{'a': 0.001, 'e': 0.08874395194919957}",20,9,-1.9586316055364033,"{0: 9, 1: 0, 2: 2, 3: 0, 4: 0}",1
2423,False,"{'a': 0.001, 'e': 0.08865525235443938}",25,7,34.0208850565085,"{0: 18, 1: 0, 2: 0, 3: 0, 4: 0}",1
2424,False,"{'a': 0.001, 'e': 0.08856664141493896}",35,23,25.730552019232523,"{0: 12, 1: 0, 2: 0, 3: 0, 4: 0}",1
2425,False,"{'a': 0.001, 'e': 0.08847811904208727}",25,13,26.975530535238367,"{0: 12, 1: 0, 2: 0, 3: 0, 4: 0}",1
2426,False,"{'a': 0.001, 'e': 0.08838968514736205}",30,15,15.94361118579743,"{0: 14, 1: 0, 2: 1, 3: 0, 4: 0}",1
2427,False,"{'a': 0.001, 'e': 0.08830133964232935}",25,11,19.7183595875415,"{0: 13, 1: 0, 2: 1, 3: 0, 4: 0}",1
2428,False,"{'a': 0.001, 'e': 0.08821308243864363}",25,14,15.589021919949454,"{0: 11, 1: 0, 2: 0, 3: 0, 4: 0}",1
2429,False,"{'a': 0.001, 'e': 0.08812491344804767}",30,21,16.197203796809152,"{0: 9, 1: 0, 2: 0, 3: 0, 4: 0}",1
2430,False,"{'a': 0.001, 'e': 0.08803683258237255}",20,12,15.19135281183013,"{0: 8, 1: 0, 2: 0, 3: 0, 4: 0}",1
2431,False,"{'a': 0.001, 'e': 0.08794883975353733}",20,0,11.000087618173248,"{0: 19, 1: 0, 2: 0, 3: 1, 4: 0}",0
2432,False,"{'a': 0.001, 'e': 0.0878609348735492}",20,16,8.57456920763244,"{0: 4, 1: 0, 2: 0, 3: 0, 4: 0}",1
2433,False,"{'a': 0.001, 'e': 0.08777311785450327}",20,15,11.452236510338945,"{0: 5, 1: 0, 2: 0, 3: 0, 4: 0}",1
2434,False,"{'a': 0.001, 'e': 0.08768538860858248}",20,11,15.580418631901155,"{0: 9, 1: 0, 2: 0, 3: 0, 4: 0}",1
2435,False,"{'a': 0.001, 'e': 0.08759774704805763}",25,12,22.775126916694795,"{0: 13, 1: 0, 2: 0, 3: 0, 4: 0}",1
2436,False,"{'a': 0.001, 'e': 0.08751019308528712}",20,3,17.77257489214555,"{0: 16, 1: 0, 2: 1, 3: 0, 4: 0}",1
2437,False,"{'a': 0.001, 'e': 0.08742272663271701}",20,7,26.545744256805595,"{0: 13, 1: 0, 2: 0, 3: 0, 4: 0}",1
2438,False,"{'a': 0.001, 'e': 0.08733534760288077}",25,17,14.836922889986969,"{0: 8, 1: 0, 2: 0, 3: 0, 4: 0}",1
2439,False,"{'a': 0.001, 'e': 0.08724805590839944}",20,3,9.844696328726428,"{0: 16, 1: 0, 2: 0, 3: 1, 4: 0}",1
2440,False,"{'a': 0.001, 'e': 0.0871608514619813}",30,11,22.481793810449354,"{0: 18, 1: 0, 2: 1, 3: 0, 4: 0}",1
2441,False,"{'a': 0.001, 'e': 0.08707373417642188}",30,16,24.575329642473115,"{0: 14, 1: 0, 2: 0, 3: 0, 4: 0}",1
2442,False,"{'a': 0.001, 'e': 0.08698670396460385}",20,10,-21.939676233803702,"{0: 9, 1: 0, 2: 0, 3: 0, 4: 1}",1
2443,False,"{'a': 0.001, 'e': 0.08689976073949708}",20,10,15.534378842178754,"{0: 10, 1: 0, 2: 0, 3: 0, 4: 0}",1
2444,False,"{'a': 0.001, 'e': 0.08681290441415829}",25,12,21.93012835491434,"{0: 13, 1: 0, 2: 0, 3: 0, 4: 0}",1
2445,False,"{'a': 0.001, 'e': 0.08672613490173114}",20,10,21.569751621268757,"{0: 10, 1: 0, 2: 0, 3: 0, 4: 0}",1
2446,False,"{'a': 0.001, 'e': 0.0866394521154461}",30,7,41.101762425283454,"{0: 23, 1: 0, 2: 0, 3: 0, 4: 0}",1
2447,False,"{'a': 0.001, 'e': 0.08655285596862042}",25,10,27.12516461504276,"{0: 15, 1: 0, 2: 0, 3: 0, 4: 0}",1
2448,False,"{'a': 0.001, 'e': 0.08646634637465792}",30,22,7.2849216858987,"{0: 7, 1: 1, 2: 0, 3: 0, 4: 0}",1
2449,False,"{'a': 0.001, 'e': 0.086379923247049}",20,11,17.262478063896395,"{0: 9, 1: 0, 2: 0, 3: 0, 4: 0}",1
2450,False,"{'a': 0.001, 'e': 0.0862935864993705}",30,12,37.73332905313198,"{0: 18, 1: 0, 2: 0, 3: 0, 4: 0}",1
2451,False,"{'a': 0.001, 'e': 0.08620733604528572}",25,8,-10.438412072967427,"{0: 16, 1: 0, 2: 0, 3: 0, 4: 1}",1
2452,False,"{'a': 0.001, 'e': 0.08612117179854416}",20,13,14.250134125443978,"{0: 7, 1: 0, 2: 0, 3: 0, 4: 0}",1
2453,False,"{'a': 0.001, 'e': 0.08603509367298158}",20,13,14.116084007131915,"{0: 7, 1: 0, 2: 0, 3: 0, 4: 0}",1
2454,False,"{'a': 0.001, 'e': 0.08594910158251981}",20,13,14.745552617586432,"{0: 7, 1: 0, 2: 0, 3: 0, 4: 0}",1
2455,False,"{'a': 0.001, 'e': 0.08586319544116683}",30,13,31.87506550671577,"{0: 17, 1: 0, 2: 0, 3: 0, 4: 0}",1
2456,False,"{'a': 0.001, 'e': 0.08577737516301644}",35,15,4.525340453048139,"{0: 17, 1: 0, 2: 3, 3: 0, 4: 0}",1
2457,False,"{'a': 0.001, 'e': 0.08569164066224835}",30,16,7.7219745073778805,"{0: 12, 1: 1, 2: 1, 3: 0, 4: 0}",1
2458,False,"{'a': 0.001, 'e': 0.08560599185312803}",20,0,17.57213098329817,"{0: 19, 1: 0, 2: 1, 3: 0, 4: 0}",0
2459,False,"{'a': 0.001, 'e': 0.08552042865000674}",20,15,9.959932540317183,"{0: 5, 1: 0, 2: 0, 3: 0, 4: 0}",1
2460,False,"{'a': 0.001, 'e': 0.08543495096732123}",20,9,-1.841737257236278,"{0: 10, 1: 0, 2: 0, 3: 1, 4: 0}",1
2461,False,"{'a': 0.001, 'e': 0.08534955871959381}",25,8,30.613863227093344,"{0: 17, 1: 0, 2: 0, 3: 0, 4: 0}",1
2462,False,"{'a': 0.001, 'e': 0.08526425182143217}",25,15,18.246541313231056,"{0: 10, 1: 0, 2: 0, 3: 0, 4: 0}",1
2463,False,"{'a': 0.001, 'e': 0.0851790301875295}",20,11,2.893991237672393,"{0: 7, 1: 2, 2: 0, 3: 0, 4: 0}",1
2464,False,"{'a': 0.001, 'e': 0.08509389373266411}",20,13,14.84778064875581,"{0: 7, 1: 0, 2: 0, 3: 0, 4: 0}",1
2465,False,"{'a': 0.001, 'e': 0.08500884237169956}",25,12,26.349187791639167,"{0: 13, 1: 0, 2: 0, 3: 0, 4: 0}",1
2466,False,"{'a': 0.001, 'e': 0.08492387601958441}",20,10,-3.9664080697861777,"{0: 9, 1: 0, 2: 0, 3: 1, 4: 0}",1
2467,False,"{'a': 0.001, 'e': 0.08483899459135241}",20,0,-9.452609161288942,"{0: 19, 1: 0, 2: 0, 3: 0, 4: 1}",0
2468,False,"{'a': 0.001, 'e': 0.08475419800212207}",25,17,13.629918103862494,"{0: 8, 1: 0, 2: 0, 3: 0, 4: 0}",1
2469,False,"{'a': 0.001, 'e': 0.08466948616709678}",30,19,8.61581589467447,"{0: 10, 1: 0, 2: 1, 3: 0, 4: 0}",1
2470,False,"{'a': 0.001, 'e': 0.08458485900156469}",25,9,27.213958905625855,"{0: 16, 1: 0, 2: 0, 3: 0, 4: 0}",1
2471,False,"{'a': 0.001, 'e': 0.08450031642089868}",20,14,-0.28576902846486174,"{0: 5, 1: 0, 2: 1, 3: 0, 4: 0}",1
2472,False,"{'a': 0.001, 'e': 0.08441585834055614}",25,14,10.741587614965525,"{0: 10, 1: 0, 2: 1, 3: 0, 4: 0}",1
2473,False,"{'a': 0.001, 'e': 0.08433148467607897}",20,9,18.996804946971096,"{0: 11, 1: 0, 2: 0, 3: 0, 4: 0}",1
2474,False,"{'a': 0.001, 'e': 0.08424719534309347}",20,8,1.980463985495593,"{0: 10, 1: 0, 2: 2, 3: 0, 4: 0}",1
2475,False,"{'a': 0.001, 'e': 0.08416299025731036}",20,10,17.28610062289854,"{0: 10, 1: 0, 2: 0, 3: 0, 4: 0}",1
2476,False,"{'a': 0.001, 'e': 0.08407886933452453}",25,12,14.590613573315995,"{0: 12, 1: 0, 2: 1, 3: 0, 4: 0}",1
2477,False,"{'a': 0.001, 'e': 0.08399483249061504}",25,18,13.102872498445434,"{0: 7, 1: 0, 2: 0, 3: 0, 4: 0}",1
2478,False,"{'a': 0.001, 'e': 0.083910879641545}",25,16,15.202890009542832,"{0: 9, 1: 0, 2: 0, 3: 0, 4: 0}",1
2479,False,"{'a': 0.001, 'e': 0.08382701070336164}",20,16,8.145207446677555,"{0: 4, 1: 0, 2: 0, 3: 0, 4: 0}",1
2480,False,"{'a': 0.001, 'e': 0.08374322559219596}",25,11,9.428254548738982,"{0: 13, 1: 0, 2: 1, 3: 0, 4: 0}",1
2481,False,"{'a': 0.001, 'e': 0.08365952422426286}",25,13,14.722239768207029,"{0: 11, 1: 1, 2: 0, 3: 0, 4: 0}",1
2482,False,"{'a': 0.001, 'e': 0.0835759065158609}",20,9,9.207694241960557,"{0: 10, 1: 0, 2: 1, 3: 0, 4: 0}",1
2483,False,"{'a': 0.001, 'e': 0.08349237238337248}",20,15,9.506410774917574,"{0: 5, 1: 0, 2: 0, 3: 0, 4: 0}",1
2484,False,"{'a': 0.001, 'e': 0.08340892174326339}",20,15,5.507118361521081,"{0: 4, 1: 1, 2: 0, 3: 0, 4: 0}",1
2485,False,"{'a': 0.001, 'e': 0.083325554512083}",25,14,23.60562478605128,"{0: 11, 1: 0, 2: 0, 3: 0, 4: 0}",1
2486,False,"{'a': 0.001, 'e': 0.08324227060646401}",25,18,12.059540857457986,"{0: 7, 1: 0, 2: 0, 3: 0, 4: 0}",1
2487,False,"{'a': 0.001, 'e': 0.08315906994312262}",35,24,18.793605903002543,"{0: 11, 1: 0, 2: 0, 3: 0, 4: 0}",1
2488,False,"{'a': 0.001, 'e': 0.0830759524388581}",25,5,16.24486265459633,"{0: 18, 1: 1, 2: 1, 3: 0, 4: 0}",1
2489,False,"{'a': 0.001, 'e': 0.08299291801055293}",20,13,1.2928880104838398,"{0: 6, 1: 0, 2: 1, 3: 0, 4: 0}",1
2490,False,"{'a': 0.001, 'e': 0.08290996657517266}",20,2,31.32674397821331,"{0: 18, 1: 0, 2: 0, 3: 0, 4: 0}",1
2491,False,"{'a': 0.001, 'e': 0.08282709804976592}",20,6,25.42990175520613,"{0: 14, 1: 0, 2: 0, 3: 0, 4: 0}",1
2492,False,"{'a': 0.001, 'e': 0.08274431235146412}",20,8,-0.5175875950734634,"{0: 10, 1: 1, 2: 1, 3: 0, 4: 0}",1
2493,False,"{'a': 0.001, 'e': 0.08266160939748157}",20,4,26.30465233779423,"{0: 16, 1: 0, 2: 0, 3: 0, 4: 0}",1
2494,False,"{'a': 0.001, 'e': 0.08257898910511527}",20,10,18.249581085787582,"{0: 10, 1: 0, 2: 0, 3: 0, 4: 0}",1
2495,False,"{'a': 0.001, 'e': 0.08249645139174498}",25,11,15.598596786029699,"{0: 13, 1: 0, 2: 1, 3: 0, 4: 0}",1
2496,False,"{'a': 0.001, 'e': 0.08241399617483297}",25,7,31.15963088963075,"{0: 18, 1: 0, 2: 0, 3: 0, 4: 0}",1
2497,False,"{'a': 0.001, 'e': 0.08233162337192401}",25,12,16.264855098024743,"{0: 12, 1: 0, 2: 1, 3: 0, 4: 0}",1
2498,False,"{'a': 0.001, 'e': 0.08224933290064523}",20,15,10.205347704564112,"{0: 5, 1: 0, 2: 0, 3: 0, 4: 0}",1
2499,False,"{'a': 0.001, 'e': 0.08216712467870625}",25,8,27.864944666112255,"{0: 17, 1: 0, 2: 0, 3: 0, 4: 0}",1
2500,False,"{'a': 0.001, 'e': 0.0820849986238988}",25,11,21.62950936324488,"{0: 13, 1: 1, 2: 0, 3: 0, 4: 0}",1
2501,False,"{'a': 0.001, 'e': 0.08200295465409681}",20,13,-14.240771622813702,"{0: 4, 1: 2, 2: 1, 3: 0, 4: 0}",1
2502,False,"{'a': 0.001, 'e': 0.08192099268725626}",20,10,18.810872164503042,"{0: 10, 1: 0, 2: 0, 3: 0, 4: 0}",1
2503,False,"{'a': 0.001, 'e': 0.08183911264141527}",20,13,0.2541113441752574,"{0: 6, 1: 0, 2: 1, 3: 0, 4: 0}",1
2504,False,"{'a': 0.001, 'e': 0.08175731443469375}",25,15,18.636469331616386,"{0: 10, 1: 0, 2: 0, 3: 0, 4: 0}",1
2505,False,"{'a': 0.001, 'e': 0.08167559798529346}",25,11,14.92395764116724,"{0: 13, 1: 0, 2: 1, 3: 0, 4: 0}",1
2506,False,"{'a': 0.001, 'e': 0.08159396321149794}",20,9,-5.825916841155528,"{0: 10, 1: 0, 2: 0, 3: 1, 4: 0}",1
2507,False,"{'a': 0.001, 'e': 0.08151241003167246}",25,17,15.25339227194522,"{0: 8, 1: 0, 2: 0, 3: 0, 4: 0}",1
2508,False,"{'a': 0.001, 'e': 0.08143093836426381}",30,21,19.40269508884343,"{0: 9, 1: 0, 2: 0, 3: 0, 4: 0}",1
2509,False,"{'a': 0.001, 'e': 0.0813495481278003}",20,16,8.420786017927487,"{0: 4, 1: 0, 2: 0, 3: 0, 4: 0}",1
2510,False,"{'a': 0.001, 'e': 0.08126823924089167}",25,18,11.601341565961178,"{0: 7, 1: 0, 2: 0, 3: 0, 4: 0}",1
2511,False,"{'a': 0.001, 'e': 0.08118701162222909}",20,11,15.937464245592249,"{0: 9, 1: 0, 2: 0, 3: 0, 4: 0}",1
2512,False,"{'a': 0.001, 'e': 0.0811058651905849}",20,6,26.66183094662202,"{0: 14, 1: 0, 2: 0, 3: 0, 4: 0}",1
2513,False,"{'a': 0.001, 'e': 0.08102479986481265}",20,8,23.59781992641573,"{0: 12, 1: 0, 2: 0, 3: 0, 4: 0}",1
2514,False,"{'a': 0.001, 'e': 0.08094381556384699}",25,17,-48.30743720060875,"{0: 6, 1: 0, 2: 0, 3: 1, 4: 1}",1
2515,False,"{'a': 0.001, 'e': 0.08086291220670366}",25,12,25.45310198702566,"{0: 13, 1: 0, 2: 0, 3: 0, 4: 0}",1
2516,False,"{'a': 0.001, 'e': 0.08078208971247929}",30,16,14.982757921250013,"{0: 13, 1: 0, 2: 1, 3: 0, 4: 0}",1
2517,False,"{'a': 0.001, 'e': 0.08070134800035135}",20,9,20.67241053334703,"{0: 11, 1: 0, 2: 0, 3: 0, 4: 0}",1
2518,False,"{'a': 0.001, 'e': 0.08062068698957811}",20,8,9.978455585210481,"{0: 11, 1: 0, 2: 1, 3: 0, 4: 0}",1
2519,False,"{'a': 0.001, 'e': 0.08054010659949862}",35,19,25.843094585167297,"{0: 16, 1: 0, 2: 0, 3: 0, 4: 0}",1
2520,False,"{'a': 0.001, 'e': 0.08045960674953244}",30,8,10.111734879697924,"{0: 20, 1: 1, 2: 0, 3: 1, 4: 0}",1
2521,False,"{'a': 0.001, 'e': 0.0803791873591797}",20,11,14.933292229137988,"{0: 9, 1: 0, 2: 0, 3: 0, 4: 0}",1
2522,False,"{'a': 0.001, 'e': 0.08029884834802099}",25,16,19.23227119969012,"{0: 9, 1: 0, 2: 0, 3: 0, 4: 0}",1
2523,False,"{'a': 0.001, 'e': 0.08021858963571736}",20,14,12.31594830079402,"{0: 6, 1: 0, 2: 0, 3: 0, 4: 0}",1
2524,False,"{'a': 0.001, 'e': 0.08013841114201005}",25,18,14.408096780706355,"{0: 7, 1: 0, 2: 0, 3: 0, 4: 0}",1
2525,False,"{'a': 0.001, 'e': 0.08005831278672054}",25,0,37.88830715013728,"{0: 25, 1: 0, 2: 0, 3: 0, 4: 0}",0
2526,False,"{'a': 0.001, 'e': 0.07997829448975048}",20,9,-21.351584534631638,"{0: 10, 1: 0, 2: 0, 3: 0, 4: 1}",1
2527,False,"{'a': 0.001, 'e': 0.0798983561710816}",20,14,8.254885055200479,"{0: 6, 1: 0, 2: 0, 3: 0, 4: 0}",1
2528,False,"{'a': 0.001, 'e': 0.07981849775077554}",30,16,5.396519113782016,"{0: 12, 1: 0, 2: 2, 3: 0, 4: 0}",1
2529,False,"{'a': 0.001, 'e': 0.0797387191489739}",25,8,27.342883418780104,"{0: 17, 1: 0, 2: 0, 3: 0, 4: 0}",1
2530,False,"{'a': 0.001, 'e': 0.07965902028589801}",20,13,14.48082662358316,"{0: 7, 1: 0, 2: 0, 3: 0, 4: 0}",1
2531,False,"{'a': 0.001, 'e': 0.07957940108184908}",20,11,13.08742657234995,"{0: 9, 1: 0, 2: 0, 3: 0, 4: 0}",1
2532,False,"{'a': 0.001, 'e': 0.07949986145720786}",25,17,8.308373422001445,"{0: 7, 1: 1, 2: 0, 3: 0, 4: 0}",1
2533,False,"{'a': 0.001, 'e': 0.07942040133243472}",30,22,13.999835057922981,"{0: 8, 1: 0, 2: 0, 3: 0, 4: 0}",1
2534,False,"{'a': 0.001, 'e': 0.0793410206280695}",20,16,9.224314210031972,"{0: 4, 1: 0, 2: 0, 3: 0, 4: 0}",1
2535,False,"{'a': 0.001, 'e': 0.07926171926473155}",25,7,33.76468580382454,"{0: 18, 1: 0, 2: 0, 3: 0, 4: 0}",1
2536,False,"{'a': 0.001, 'e': 0.07918249716311948}",25,16,15.274244306863752,"{0: 9, 1: 0, 2: 0, 3: 0, 4: 0}",1
2537,False,"{'a': 0.001, 'e': 0.07910335424401117}",20,14,11.174656698737968,"{0: 6, 1: 0, 2: 0, 3: 0, 4: 0}",1
2538,False,"{'a': 0.001, 'e': 0.07902429042826366}",20,15,8.689713192953455,"{0: 5, 1: 0, 2: 0, 3: 0, 4: 0}",1
2539,False,"{'a': 0.001, 'e': 0.07894530563681319}",20,9,14.004888079437015,"{0: 11, 1: 0, 2: 0, 3: 0, 4: 0}",1
2540,False,"{'a': 0.001, 'e': 0.07886639979067495}",20,6,20.368383807643347,"{0: 14, 1: 0, 2: 0, 3: 0, 4: 0}",1
2541,False,"{'a': 0.001, 'e': 0.07878757281094306}",20,5,25.81395622002189,"{0: 15, 1: 0, 2: 0, 3: 0, 4: 0}",1
2542,False,"{'a': 0.001, 'e': 0.07870882461879052}",30,10,4.402132124060552,"{0: 17, 1: 1, 2: 2, 3: 0, 4: 0}",1
2543,False,"{'a': 0.001, 'e': 0.07863015513546918}",25,8,18.343766419599863,"{0: 16, 1: 0, 2: 1, 3: 0, 4: 0}",1
2544,False,"{'a': 0.001, 'e': 0.07855156428230954}",20,8,-17.78919485278765,"{0: 11, 1: 0, 2: 0, 3: 0, 4: 1}",1
2545,False,"{'a': 0.001, 'e': 0.07847305198072073}",25,8,10.715300370911859,"{0: 15, 1: 1, 2: 1, 3: 0, 4: 0}",1
2546,False,"{'a': 0.001, 'e': 0.0783946181521904}",25,15,3.750980240708591,"{0: 9, 1: 0, 2: 1, 3: 0, 4: 0}",1
2547,False,"{'a': 0.001, 'e': 0.07831626271828479}",30,20,17.588932637306616,"{0: 10, 1: 0, 2: 0, 3: 0, 4: 0}",1
2548,False,"{'a': 0.001, 'e': 0.07823798560064842}",20,9,19.836238715493565,"{0: 11, 1: 0, 2: 0, 3: 0, 4: 0}",1
2549,False,"{'a': 0.001, 'e': 0.07815978672100418}",20,6,24.705728873101364,"{0: 14, 1: 0, 2: 0, 3: 0, 4: 0}",1
2550,False,"{'a': 0.001, 'e': 0.07808166600115313}",35,22,17.079418597781505,"{0: 12, 1: 1, 2: 0, 3: 0, 4: 0}",1
2551,False,"{'a': 0.001, 'e': 0.07800362336297463}",25,15,20.690051594533394,"{0: 10, 1: 0, 2: 0, 3: 0, 4: 0}",1
2552,False,"{'a': 0.001, 'e': 0.077925658728426}",25,8,-10.287939507958665,"{0: 16, 1: 0, 2: 0, 3: 0, 4: 1}",1
2553,False,"{'a': 0.001, 'e': 0.07784777201954257}",20,12,13.88702238806079,"{0: 8, 1: 0, 2: 0, 3: 0, 4: 0}",1
2554,False,"{'a': 0.001, 'e': 0.07776996315843764}",20,14,11.577447229064926,"{0: 6, 1: 0, 2: 0, 3: 0, 4: 0}",1
2555,False,"{'a': 0.001, 'e': 0.07769223206730236}",30,20,16.536767642299168,"{0: 10, 1: 0, 2: 0, 3: 0, 4: 0}",1
2556,False,"{'a': 0.001, 'e': 0.07761457866840563}",20,7,10.456732803821179,"{0: 12, 1: 0, 2: 1, 3: 0, 4: 0}",1
2557,False,"{'a': 0.001, 'e': 0.07753700288409404}",20,12,16.641497682273307,"{0: 8, 1: 0, 2: 0, 3: 0, 4: 0}",1
2558,False,"{'a': 0.001, 'e': 0.07745950463679176}",20,8,24.7691123201844,"{0: 12, 1: 0, 2: 0, 3: 0, 4: 0}",1
2559,False,"{'a': 0.001, 'e': 0.0773820838490006}",30,23,15.006943521878622,"{0: 7, 1: 0, 2: 0, 3: 0, 4: 0}",1
2560,False,"{'a': 0.001, 'e': 0.07730474044329974}",20,14,-1.0655306034733334,"{0: 5, 1: 0, 2: 1, 3: 0, 4: 0}",1
2561,False,"{'a': 0.001, 'e': 0.07722747434234577}",20,3,12.464142793223376,"{0: 16, 1: 0, 2: 1, 3: 0, 4: 0}",1
2562,False,"{'a': 0.001, 'e': 0.07715028546887258}",25,19,15.270048336052337,"{0: 6, 1: 0, 2: 0, 3: 0, 4: 0}",1
2563,False,"{'a': 0.001, 'e': 0.07707317374569124}",25,18,13.386127107126935,"{0: 7, 1: 0, 2: 0, 3: 0, 4: 0}",1
2564,False,"{'a': 0.001, 'e': 0.07699613909569011}",25,19,10.849738311889444,"{0: 6, 1: 0, 2: 0, 3: 0, 4: 0}",1
2565,False,"{'a': 0.001, 'e': 0.0769191814418345}",30,17,11.876930105072624,"{0: 12, 1: 0, 2: 1, 3: 0, 4: 0}",1
2566,False,"{'a': 0.001, 'e': 0.07684230070716673}",30,13,33.304627155156055,"{0: 17, 1: 0, 2: 0, 3: 0, 4: 0}",1
2567,False,"{'a': 0.001, 'e': 0.07676549681480604}",25,11,5.868455302187497,"{0: 12, 1: 1, 2: 1, 3: 0, 4: 0}",1
2568,False,"{'a': 0.001, 'e': 0.0766887696879486}",20,14,13.067868454291595,"{0: 6, 1: 0, 2: 0, 3: 0, 4: 0}",1
2569,False,"{'a': 0.001, 'e': 0.07661211924986724}",30,10,-12.163770613410756,"{0: 19, 1: 0, 2: 0, 3: 0, 4: 1}",1
2570,False,"{'a': 0.001, 'e': 0.07653554542391151}",20,12,16.715451587191964,"{0: 8, 1: 0, 2: 0, 3: 0, 4: 0}",1
2571,False,"{'a': 0.001, 'e': 0.07645904813350755}",25,13,19.73546838311814,"{0: 12, 1: 0, 2: 0, 3: 0, 4: 0}",1
2572,False,"{'a': 0.001, 'e': 0.07638262730215813}",25,19,12.515975922239711,"{0: 6, 1: 0, 2: 0, 3: 0, 4: 0}",1
2573,False,"{'a': 0.001, 'e': 0.07630628285344238}",20,9,20.055297137975458,"{0: 11, 1: 0, 2: 0, 3: 0, 4: 0}",1
2574,False,"{'a': 0.001, 'e': 0.07623001471101583}",25,15,19.262900894330738,"{0: 10, 1: 0, 2: 0, 3: 0, 4: 0}",1
2575,False,"{'a': 0.001, 'e': 0.07615382279861033}",20,14,8.656348700664656,"{0: 6, 1: 0, 2: 0, 3: 0, 4: 0}",1
2576,False,"{'a': 0.001, 'e': 0.07607770704003398}",20,11,17.947186958793903,"{0: 9, 1: 0, 2: 0, 3: 0, 4: 0}",1
2577,False,"{'a': 0.001, 'e': 0.07600166735917104}",20,14,10.858372550307475,"{0: 6, 1: 0, 2: 0, 3: 0, 4: 0}",1
2578,False,"{'a': 0.001, 'e': 0.07592570367998178}",20,12,12.508196409093998,"{0: 8, 1: 0, 2: 0, 3: 0, 4: 0}",1
2579,False,"{'a': 0.001, 'e': 0.07584981592650249}",20,5,15.19486305215887,"{0: 14, 1: 0, 2: 1, 3: 0, 4: 0}",1
2580,False,"{'a': 0.001, 'e': 0.07577400402284548}",30,23,12.995007615936933,"{0: 7, 1: 0, 2: 0, 3: 0, 4: 0}",1
2581,False,"{'a': 0.001, 'e': 0.0756982678931988}",20,16,7.703511697600584,"{0: 4, 1: 0, 2: 0, 3: 0, 4: 0}",1
2582,False,"{'a': 0.001, 'e': 0.07562260746182634}",25,14,19.197463120407747,"{0: 11, 1: 0, 2: 0, 3: 0, 4: 0}",1
2583,False,"{'a': 0.001, 'e': 0.0755470226530676}",25,18,14.87600421603773,"{0: 7, 1: 0, 2: 0, 3: 0, 4: 0}",1
2584,False,"{'a': 0.001, 'e': 0.07547151339133784}",30,13,28.733836349173014,"{0: 17, 1: 0, 2: 0, 3: 0, 4: 0}",1
2585,False,"{'a': 0.001, 'e': 0.07539607960112776}",20,10,-23.83226545968234,"{0: 9, 1: 0, 2: 0, 3: 0, 4: 1}",1
2586,False,"{'a': 0.001, 'e': 0.07532072120700357}",25,0,37.36371047204386,"{0: 25, 1: 0, 2: 0, 3: 0, 4: 0}",0
2587,False,"{'a': 0.001, 'e': 0.07524543813360683}",25,10,18.673881246809465,"{0: 14, 1: 1, 2: 0, 3: 0, 4: 0}",1
2588,False,"{'a': 0.001, 'e': 0.07517023030565453}",30,13,-12.403557810059176,"{0: 16, 1: 0, 2: 0, 3: 0, 4: 1}",1
2589,False,"{'a': 0.001, 'e': 0.0750950976479388}",20,12,14.078118973102091,"{0: 8, 1: 0, 2: 0, 3: 0, 4: 0}",1
2590,False,"{'a': 0.001, 'e': 0.07502004008532698}",30,19,16.905069680465836,"{0: 11, 1: 0, 2: 0, 3: 0, 4: 0}",1
2591,False,"{'a': 0.001, 'e': 0.07494505754276144}",35,26,16.702902172254326,"{0: 9, 1: 0, 2: 0, 3: 0, 4: 0}",1
2592,False,"{'a': 0.001, 'e': 0.07487014994525974}",25,15,20.517899390680622,"{0: 10, 1: 0, 2: 0, 3: 0, 4: 0}",1
2593,False,"{'a': 0.001, 'e': 0.07479531721791423}",25,18,15.278051360167712,"{0: 7, 1: 0, 2: 0, 3: 0, 4: 0}",1
2594,False,"{'a': 0.001, 'e': 0.07472055928589216}",20,7,21.967371872130798,"{0: 13, 1: 0, 2: 0, 3: 0, 4: 0}",1
2595,False,"{'a': 0.001, 'e': 0.07464587607443557}",20,16,5.382452071805932,"{0: 4, 1: 0, 2: 0, 3: 0, 4: 0}",1
2596,False,"{'a': 0.001, 'e': 0.07457126750886131}",20,13,12.8407740821705,"{0: 7, 1: 0, 2: 0, 3: 0, 4: 0}",1
2597,False,"{'a': 0.001, 'e': 0.07449673351456078}",25,17,13.883375079825687,"{0: 8, 1: 0, 2: 0, 3: 0, 4: 0}",1
2598,False,"{'a': 0.001, 'e': 0.07442227401699995}",30,11,32.04209786416817,"{0: 19, 1: 0, 2: 0, 3: 0, 4: 0}",1
2599,False,"{'a': 0.001, 'e': 0.07434788894171933}",25,13,22.405680791043736,"{0: 12, 1: 0, 2: 0, 3: 0, 4: 0}",1
2600,False,"{'a': 0.001, 'e': 0.07427357821433388}",35,24,19.5233149089833,"{0: 11, 1: 0, 2: 0, 3: 0, 4: 0}",1
2601,False,"{'a': 0.001, 'e': 0.07419934176053282}",20,7,-27.59829565811925,"{0: 11, 1: 0, 2: 1, 3: 0, 4: 1}",1
2602,False,"{'a': 0.001, 'e': 0.0741251795060797}",25,17,16.70322416263714,"{0: 8, 1: 0, 2: 0, 3: 0, 4: 0}",1
2603,False,"{'a': 0.001, 'e': 0.07405109137681225}",30,20,17.796762890149843,"{0: 10, 1: 0, 2: 0, 3: 0, 4: 0}",1
2604,False,"{'a': 0.001, 'e': 0.07397707729864236}",30,22,3.564993798593343,"{0: 7, 1: 0, 2: 1, 3: 0, 4: 0}",1
2605,False,"{'a': 0.001, 'e': 0.07390313719755595}",20,8,21.770254315341486,"{0: 12, 1: 0, 2: 0, 3: 0, 4: 0}",1
2606,False,"{'a': 0.001, 'e': 0.0738292709996129}",25,17,17.61942544466643,"{0: 8, 1: 0, 2: 0, 3: 0, 4: 0}",1
2607,False,"{'a': 0.001, 'e': 0.07375547863094695}",20,12,12.277744231334017,"{0: 8, 1: 0, 2: 0, 3: 0, 4: 0}",1
2608,False,"{'a': 0.001, 'e': 0.07368176001776583}",25,17,14.380625770920494,"{0: 8, 1: 0, 2: 0, 3: 0, 4: 0}",1
2609,False,"{'a': 0.001, 'e': 0.07360811508635084}",25,8,30.016828824163944,"{0: 17, 1: 0, 2: 0, 3: 0, 4: 0}",1
2610,False,"{'a': 0.001, 'e': 0.0735345437630571}",20,11,15.92052583378943,"{0: 9, 1: 0, 2: 0, 3: 0, 4: 0}",1
2611,False,"{'a': 0.001, 'e': 0.0734610459743132}",20,4,29.20921055248061,"{0: 16, 1: 0, 2: 0, 3: 0, 4: 0}",1
2612,False,"{'a': 0.001, 'e': 0.07338762164662144}",25,3,-5.8619405999962995,"{0: 21, 1: 0, 2: 0, 3: 0, 4: 1}",1
2613,False,"{'a': 0.001, 'e': 0.07331427070655744}",20,9,20.88919556792819,"{0: 11, 1: 0, 2: 0, 3: 0, 4: 0}",1
2614,False,"{'a': 0.001, 'e': 0.07324099308077024}",20,12,12.096287064212426,"{0: 8, 1: 0, 2: 0, 3: 0, 4: 0}",1
2615,False,"{'a': 0.001, 'e': 0.07316778869598221}",20,8,-36.43187240276119,"{0: 10, 1: 0, 2: 1, 3: 0, 4: 1}",1
2616,False,"{'a': 0.001, 'e': 0.07309465747898901}",25,12,-35.82972034081556,"{0: 11, 1: 0, 2: 1, 3: 0, 4: 1}",1
2617,False,"{'a': 0.001, 'e': 0.07302159935665936}",35,20,24.708982538651895,"{0: 15, 1: 0, 2: 0, 3: 0, 4: 0}",1
2618,False,"{'a': 0.001, 'e': 0.07294861425593517}",30,8,34.798416844727356,"{0: 22, 1: 0, 2: 0, 3: 0, 4: 0}",1
2619,False,"{'a': 0.001, 'e': 0.07287570210383128}",35,16,25.00933422537757,"{0: 18, 1: 1, 2: 0, 3: 0, 4: 0}",1
2620,False,"{'a': 0.001, 'e': 0.07280286282743559}",25,11,23.844171454859843,"{0: 14, 1: 0, 2: 0, 3: 0, 4: 0}",1
2621,False,"{'a': 0.001, 'e': 0.0727300963539088}",30,19,20.23993882870539,"{0: 11, 1: 0, 2: 0, 3: 0, 4: 0}",1
2622,False,"{'a': 0.001, 'e': 0.07265740261048442}",20,5,0.20573667045109634,"{0: 13, 1: 0, 2: 2, 3: 0, 4: 0}",1
2623,False,"{'a': 0.001, 'e': 0.07258478152446868}",20,7,24.59210681135976,"{0: 13, 1: 0, 2: 0, 3: 0, 4: 0}",1
2624,False,"{'a': 0.001, 'e': 0.07251223302324053}",25,5,34.833940553807324,"{0: 20, 1: 0, 2: 0, 3: 0, 4: 0}",1
2625,False,"{'a': 0.001, 'e': 0.07243975703425146}",30,23,12.878846196287805,"{0: 7, 1: 0, 2: 0, 3: 0, 4: 0}",1
2626,False,"{'a': 0.001, 'e': 0.07236735348502546}",20,10,20.558893590351985,"{0: 10, 1: 0, 2: 0, 3: 0, 4: 0}",1
2627,False,"{'a': 0.001, 'e': 0.07229502230315894}",20,14,11.746567791578542,"{0: 6, 1: 0, 2: 0, 3: 0, 4: 0}",1
2628,False,"{'a': 0.001, 'e': 0.07222276341632078}",20,7,12.762884689197332,"{0: 12, 1: 0, 2: 1, 3: 0, 4: 0}",1
2629,False,"{'a': 0.001, 'e': 0.07215057675225206}",25,14,18.95158816636016,"{0: 11, 1: 0, 2: 0, 3: 0, 4: 0}",1
2630,False,"{'a': 0.001, 'e': 0.0720784622387661}",25,10,12.680991193150065,"{0: 14, 1: 0, 2: 1, 3: 0, 4: 0}",1
2631,False,"{'a': 0.001, 'e': 0.07200641980374836}",25,12,13.435870751194939,"{0: 12, 1: 0, 2: 1, 3: 0, 4: 0}",1
2632,False,"{'a': 0.001, 'e': 0.07193444937515645}",20,4,23.781958865749974,"{0: 16, 1: 0, 2: 0, 3: 0, 4: 0}",1
2633,False,"{'a': 0.001, 'e': 0.07186255088101991}",25,13,23.646389801525505,"{0: 12, 1: 0, 2: 0, 3: 0, 4: 0}",1
2634,False,"{'a': 0.001, 'e': 0.07179072424944025}",25,16,12.76093279262694,"{0: 9, 1: 0, 2: 0, 3: 0, 4: 0}",1
2635,False,"{'a': 0.001, 'e': 0.07171896940859077}",30,20,20.268455726000898,"{0: 10, 1: 0, 2: 0, 3: 0, 4: 0}",1
2636,False,"{'a': 0.001, 'e': 0.07164728628671672}",30,18,22.13990118593777,"{0: 12, 1: 0, 2: 0, 3: 0, 4: 0}",1
2637,False,"{'a': 0.001, 'e': 0.07157567481213492}",20,10,16.776507903113657,"{0: 10, 1: 0, 2: 0, 3: 0, 4: 0}",1
2638,False,"{'a': 0.001, 'e': 0.0715041349132339}",30,17,19.155114233404717,"{0: 12, 1: 1, 2: 0, 3: 0, 4: 0}",1
2639,False,"{'a': 0.001, 'e': 0.07143266651847373}",35,26,14.259900442600541,"{0: 9, 1: 0, 2: 0, 3: 0, 4: 0}",1
2640,False,"{'a': 0.001, 'e': 0.07136126955638605}",20,6,26.23061816225364,"{0: 14, 1: 0, 2: 0, 3: 0, 4: 0}",1
2641,False,"{'a': 0.001, 'e': 0.07128994395557388}",20,11,18.603773396476562,"{0: 9, 1: 0, 2: 0, 3: 0, 4: 0}",1
2642,False,"{'a': 0.001, 'e': 0.0712186896447116}",35,21,25.328837319295154,"{0: 14, 1: 0, 2: 0, 3: 0, 4: 0}",1
2643,False,"{'a': 0.001, 'e': 0.07114750655254487}",20,11,12.36583169686247,"{0: 9, 1: 0, 2: 0, 3: 0, 4: 0}",1
2644,False,"{'a': 0.001, 'e': 0.07107639460789066}",20,12,14.605297532296536,"{0: 8, 1: 0, 2: 0, 3: 0, 4: 0}",1
2645,False,"{'a': 0.001, 'e': 0.07100535373963698}",25,19,9.604399820322843,"{0: 6, 1: 0, 2: 0, 3: 0, 4: 0}",1
2646,False,"{'a': 0.001, 'e': 0.07093438387674295}",30,15,23.49299818882698,"{0: 14, 1: 1, 2: 0, 3: 0, 4: 0}",1
2647,False,"{'a': 0.001, 'e': 0.07086348494823869}",20,13,13.564551237890713,"{0: 7, 1: 0, 2: 0, 3: 0, 4: 0}",1
2648,False,"{'a': 0.001, 'e': 0.0707926568832253}",25,12,22.957425889190326,"{0: 13, 1: 0, 2: 0, 3: 0, 4: 0}",1
2649,False,"{'a': 0.001, 'e': 0.07072189961087469}",20,9,19.09291234345383,"{0: 11, 1: 0, 2: 0, 3: 0, 4: 0}",1
2650,False,"{'a': 0.001, 'e': 0.0706512130604296}",25,16,15.461705545915372,"{0: 9, 1: 0, 2: 0, 3: 0, 4: 0}",1
2651,False,"{'a': 0.001, 'e': 0.0705805971612034}",25,20,9.96907239508618,"{0: 5, 1: 0, 2: 0, 3: 0, 4: 0}",1
2652,False,"{'a': 0.001, 'e': 0.0705100518425803}",20,12,16.683764299349104,"{0: 8, 1: 0, 2: 0, 3: 0, 4: 0}",1
2653,False,"{'a': 0.001, 'e': 0.07043957703401492}",30,18,11.197435851879641,"{0: 11, 1: 0, 2: 1, 3: 0, 4: 0}",1
2654,False,"{'a': 0.001, 'e': 0.07036917266503243}",20,12,15.866830463441772,"{0: 8, 1: 0, 2: 0, 3: 0, 4: 0}",1
2655,False,"{'a': 0.001, 'e': 0.07029883866522844}",25,11,16.977756648579547,"{0: 13, 1: 0, 2: 1, 3: 0, 4: 0}",1
2656,False,"{'a': 0.001, 'e': 0.07022857496426901}",20,11,-5.372452030385772,"{0: 7, 1: 1, 2: 1, 3: 0, 4: 0}",1
2657,False,"{'a': 0.001, 'e': 0.0701583814918904}",30,17,0.7851009446655481,"{0: 12, 1: 0, 2: 0, 3: 1, 4: 0}",1
2658,False,"{'a': 0.001, 'e': 0.07008825817789911}",20,9,11.527371179194938,"{0: 10, 1: 1, 2: 0, 3: 0, 4: 0}",1
2659,False,"{'a': 0.001, 'e': 0.07001820495217183}",25,18,14.37833237803395,"{0: 7, 1: 0, 2: 0, 3: 0, 4: 0}",1
2660,False,"{'a': 0.001, 'e': 0.06994822174465536}",20,13,13.122233009654753,"{0: 7, 1: 0, 2: 0, 3: 0, 4: 0}",1
2661,False,"{'a': 0.001, 'e': 0.06987830848536646}",20,10,21.23875221195063,"{0: 10, 1: 0, 2: 0, 3: 0, 4: 0}",1
2662,False,"{'a': 0.001, 'e': 0.06980846510439187}",25,17,2.6431207013799103,"{0: 7, 1: 0, 2: 1, 3: 0, 4: 0}",1
2663,False,"{'a': 0.001, 'e': 0.06973869153188816}",25,8,35.36660372079054,"{0: 17, 1: 0, 2: 0, 3: 0, 4: 0}",1
2664,False,"{'a': 0.001, 'e': 0.06966898769808184}",30,17,-24.02467293793493,"{0: 10, 1: 0, 2: 2, 3: 1, 4: 0}",1
2665,False,"{'a': 0.001, 'e': 0.06959935353326901}",25,0,15.815993986053522,"{0: 23, 1: 0, 2: 2, 3: 0, 4: 0}",0
2666,False,"{'a': 0.001, 'e': 0.06952978896781553}",20,9,21.64155173951676,"{0: 11, 1: 0, 2: 0, 3: 0, 4: 0}",1
2667,False,"{'a': 0.001, 'e': 0.06946029393215677}",25,14,19.686143940347716,"{0: 11, 1: 0, 2: 0, 3: 0, 4: 0}",1
2668,False,"{'a': 0.001, 'e': 0.06939086835679777}",35,9,40.75106365582325,"{0: 25, 1: 1, 2: 0, 3: 0, 4: 0}",1
2669,False,"{'a': 0.001, 'e': 0.0693215121723129}",20,11,16.71543346417962,"{0: 9, 1: 0, 2: 0, 3: 0, 4: 0}",1
2670,False,"{'a': 0.001, 'e': 0.069252225309346}",25,8,29.506404441768584,"{0: 17, 1: 0, 2: 0, 3: 0, 4: 0}",1
2671,False,"{'a': 0.001, 'e': 0.06918300769861012}",20,12,14.093729330503926,"{0: 8, 1: 0, 2: 0, 3: 0, 4: 0}",1
2672,False,"{'a': 0.001, 'e': 0.06911385927088774}",25,8,32.449910654808534,"{0: 17, 1: 0, 2: 0, 3: 0, 4: 0}",1
2673,False,"{'a': 0.001, 'e': 0.06904477995703041}",25,15,18.29523956680094,"{0: 10, 1: 0, 2: 0, 3: 0, 4: 0}",1
2674,False,"{'a': 0.001, 'e': 0.06897576968795878}",20,15,7.934862124010428,"{0: 5, 1: 0, 2: 0, 3: 0, 4: 0}",1
2675,False,"{'a': 0.001, 'e': 0.06890682839466256}",20,13,13.032901360601842,"{0: 7, 1: 0, 2: 0, 3: 0, 4: 0}",1
2676,False,"{'a': 0.001, 'e': 0.06883795600820049}",25,4,30.331759160795794,"{0: 21, 1: 0, 2: 0, 3: 0, 4: 0}",1
2677,False,"{'a': 0.001, 'e': 0.06876915245970018}",20,14,12.63048356622938,"{0: 6, 1: 0, 2: 0, 3: 0, 4: 0}",1
2678,False,"{'a': 0.001, 'e': 0.06870041768035806}",25,8,14.801376212230148,"{0: 16, 1: 0, 2: 1, 3: 0, 4: 0}",1
2679,False,"{'a': 0.001, 'e': 0.0686317516014393}",20,9,13.914508939518958,"{0: 10, 1: 1, 2: 0, 3: 0, 4: 0}",1
2680,False,"{'a': 0.001, 'e': 0.06856315415427791}",20,1,-19.58748676029777,"{0: 16, 1: 0, 2: 2, 3: 1, 4: 0}",1
2681,False,"{'a': 0.001, 'e': 0.06849462527027637}",20,8,24.268105832296783,"{0: 12, 1: 0, 2: 0, 3: 0, 4: 0}",1
2682,False,"{'a': 0.001, 'e': 0.06842616488090583}",20,8,22.396050295257446,"{0: 12, 1: 0, 2: 0, 3: 0, 4: 0}",1
2683,False,"{'a': 0.001, 'e': 0.06835777291770583}",30,16,25.177403700384055,"{0: 14, 1: 0, 2: 0, 3: 0, 4: 0}",1
2684,False,"{'a': 0.001, 'e': 0.06828944931228448}",20,6,18.677016996576835,"{0: 13, 1: 1, 2: 0, 3: 0, 4: 0}",1
2685,False,"{'a': 0.001, 'e': 0.06822119399631812}",20,15,7.1392076528408985,"{0: 5, 1: 0, 2: 0, 3: 0, 4: 0}",1
2686,False,"{'a': 0.001, 'e': 0.06815300690155146}",35,24,4.900214133688869,"{0: 10, 1: 0, 2: 1, 3: 0, 4: 0}",1
2687,False,"{'a': 0.001, 'e': 0.06808488795979734}",25,8,-10.800390841533572,"{0: 16, 1: 0, 2: 0, 3: 0, 4: 1}",1
2688,False,"{'a': 0.001, 'e': 0.06801683710293688}",30,23,14.205533103895636,"{0: 7, 1: 0, 2: 0, 3: 0, 4: 0}",1
2689,False,"{'a': 0.001, 'e': 0.0679488542629192}",20,6,10.405464841907857,"{0: 13, 1: 0, 2: 1, 3: 0, 4: 0}",1
2690,False,"{'a': 0.001, 'e': 0.06788093937176144}",20,7,21.39194701075841,"{0: 13, 1: 0, 2: 0, 3: 0, 4: 0}",1
2691,False,"{'a': 0.001, 'e': 0.06781309236154871}",20,9,8.24032642528351,"{0: 10, 1: 0, 2: 1, 3: 0, 4: 0}",1
2692,False,"{'a': 0.001, 'e': 0.06774531316443397}",20,3,31.909957889667638,"{0: 17, 1: 0, 2: 0, 3: 0, 4: 0}",1
2693,False,"{'a': 0.001, 'e': 0.06767760171263805}",20,0,19.329486860337873,"{0: 19, 1: 0, 2: 1, 3: 0, 4: 0}",0
2694,False,"{'a': 0.001, 'e': 0.0676099579384495}",20,6,11.98136188484388,"{0: 13, 1: 0, 2: 1, 3: 0, 4: 0}",1
2695,False,"{'a': 0.001, 'e': 0.06754238177422452}",20,9,18.562506483530722,"{0: 11, 1: 0, 2: 0, 3: 0, 4: 0}",1
2696,False,"{'a': 0.001, 'e': 0.0674748731523869}",20,9,20.38435641361662,"{0: 11, 1: 0, 2: 0, 3: 0, 4: 0}",1
2697,False,"{'a': 0.001, 'e': 0.0674074320054281}",35,13,41.33866259475014,"{0: 22, 1: 0, 2: 0, 3: 0, 4: 0}",1
2698,False,"{'a': 0.001, 'e': 0.06734005826590692}",20,13,-40.060821209735806,"{0: 5, 1: 0, 2: 1, 3: 0, 4: 1}",1
2699,False,"{'a': 0.001, 'e': 0.06727275186644961}",25,14,21.30652659992485,"{0: 11, 1: 0, 2: 0, 3: 0, 4: 0}",1
2700,False,"{'a': 0.001, 'e': 0.06720551273974976}",20,12,13.913930748914552,"{0: 8, 1: 0, 2: 0, 3: 0, 4: 0}",1
2701,False,"{'a': 0.001, 'e': 0.06713834081856826}",25,10,22.79702169682503,"{0: 14, 1: 1, 2: 0, 3: 0, 4: 0}",1
2702,False,"{'a': 0.001, 'e': 0.06707123603573319}",25,15,14.636301776611218,"{0: 10, 1: 0, 2: 0, 3: 0, 4: 0}",1
2703,False,"{'a': 0.001, 'e': 0.06700419832413973}",25,19,12.885352932171262,"{0: 6, 1: 0, 2: 0, 3: 0, 4: 0}",1
2704,False,"{'a': 0.001, 'e': 0.06693722761675015}",35,24,20.5945082470303,"{0: 11, 1: 0, 2: 0, 3: 0, 4: 0}",1
2705,False,"{'a': 0.001, 'e': 0.0668703238465938}",30,21,15.331049071114744,"{0: 9, 1: 0, 2: 0, 3: 0, 4: 0}",1
2706,False,"{'a': 0.001, 'e': 0.06680348694676687}",30,12,35.1638387233604,"{0: 18, 1: 0, 2: 0, 3: 0, 4: 0}",1
2707,False,"{'a': 0.001, 'e': 0.06673671685043246}",25,17,17.755220886753705,"{0: 8, 1: 0, 2: 0, 3: 0, 4: 0}",1
2708,False,"{'a': 0.001, 'e': 0.06667001349082043}",20,13,12.890845310316363,"{0: 7, 1: 0, 2: 0, 3: 0, 4: 0}",1
2709,False,"{'a': 0.001, 'e': 0.06660337680122747}",20,2,29.797733208851053,"{0: 18, 1: 0, 2: 0, 3: 0, 4: 0}",1
2710,False,"{'a': 0.001, 'e': 0.06653680671501686}",30,18,23.447819164524844,"{0: 12, 1: 0, 2: 0, 3: 0, 4: 0}",1
2711,False,"{'a': 0.001, 'e': 0.0664703031656185}",20,8,8.478455061347852,"{0: 11, 1: 0, 2: 1, 3: 0, 4: 0}",1
2712,False,"{'a': 0.001, 'e': 0.06640386608652883}",20,14,11.38421914516604,"{0: 6, 1: 0, 2: 0, 3: 0, 4: 0}",1
2713,False,"{'a': 0.001, 'e': 0.06633749541131082}",20,6,27.53687135627589,"{0: 14, 1: 0, 2: 0, 3: 0, 4: 0}",1
2714,False,"{'a': 0.001, 'e': 0.06627119107359372}",35,25,21.384617917747285,"{0: 10, 1: 0, 2: 0, 3: 0, 4: 0}",1
2715,False,"{'a': 0.001, 'e': 0.06620495300707324}",35,27,18.49376827093998,"{0: 8, 1: 0, 2: 0, 3: 0, 4: 0}",1
2716,False,"{'a': 0.001, 'e': 0.06613878114551125}",25,11,25.645201562730115,"{0: 14, 1: 0, 2: 0, 3: 0, 4: 0}",1
2717,False,"{'a': 0.001, 'e': 0.06607267542273594}",30,12,33.31063238211165,"{0: 18, 1: 0, 2: 0, 3: 0, 4: 0}",1
2718,False,"{'a': 0.001, 'e': 0.06600663577264156}",20,13,-9.25850289773506,"{0: 5, 1: 0, 2: 2, 3: 0, 4: 0}",1
2719,False,"{'a': 0.001, 'e': 0.06594066212918846}",25,13,10.486393546360993,"{0: 11, 1: 0, 2: 1, 3: 0, 4: 0}",1
2720,False,"{'a': 0.001, 'e': 0.06587475442640295}",20,10,-26.28487012086668,"{0: 9, 1: 0, 2: 0, 3: 0, 4: 1}",1
2721,False,"{'a': 0.001, 'e': 0.06580891259837739}",25,15,21.635484709042224,"{0: 10, 1: 0, 2: 0, 3: 0, 4: 0}",1
2722,False,"{'a': 0.001, 'e': 0.0657431365792699}",30,13,32.0682115875564,"{0: 17, 1: 0, 2: 0, 3: 0, 4: 0}",1
2723,False,"{'a': 0.001, 'e': 0.06567742630330448}",20,11,19.103758415709756,"{0: 9, 1: 0, 2: 0, 3: 0, 4: 0}",1
2724,False,"{'a': 0.001, 'e': 0.0656117817047708}",30,20,19.43511607091072,"{0: 10, 1: 0, 2: 0, 3: 0, 4: 0}",1
2725,False,"{'a': 0.001, 'e': 0.06554620271802433}",20,12,3.481294172695306,"{0: 7, 1: 0, 2: 1, 3: 0, 4: 0}",1
2726,False,"{'a': 0.001, 'e': 0.06548068927748603}",25,20,9.270850547728703,"{0: 5, 1: 0, 2: 0, 3: 0, 4: 0}",1
2727,False,"{'a': 0.001, 'e': 0.06541524131764247}",35,26,18.4006879261593,"{0: 9, 1: 0, 2: 0, 3: 0, 4: 0}",1
2728,False,"{'a': 0.001, 'e': 0.06534985877304565}",30,18,19.29805091698202,"{0: 12, 1: 0, 2: 0, 3: 0, 4: 0}",1
2729,False,"{'a': 0.001, 'e': 0.06528454157831308}",20,9,-20.350002876478367,"{0: 10, 1: 0, 2: 0, 3: 0, 4: 1}",1
2730,False,"{'a': 0.001, 'e': 0.06521928966812753}",25,16,18.398812749971572,"{0: 9, 1: 0, 2: 0, 3: 0, 4: 0}",1
2731,False,"{'a': 0.001, 'e': 0.06515410297723707}",20,8,20.52353520337036,"{0: 12, 1: 0, 2: 0, 3: 0, 4: 0}",1
2732,False,"{'a': 0.001, 'e': 0.065088981440455}",30,10,32.07928572784869,"{0: 20, 1: 0, 2: 0, 3: 0, 4: 0}",1
2733,False,"{'a': 0.001, 'e': 0.06502392499265983}",20,6,10.100182183330103,"{0: 13, 1: 0, 2: 1, 3: 0, 4: 0}",1
2734,False,"{'a': 0.001, 'e': 0.06495893356879505}",25,20,9.373419711841768,"{0: 5, 1: 0, 2: 0, 3: 0, 4: 0}",1
2735,False,"{'a': 0.001, 'e': 0.06489400710386926}",25,13,25.598118848316687,"{0: 12, 1: 0, 2: 0, 3: 0, 4: 0}",1
2736,False,"{'a': 0.001, 'e': 0.06482914553295596}",25,17,3.999521369034393,"{0: 7, 1: 0, 2: 1, 3: 0, 4: 0}",1
2737,False,"{'a': 0.001, 'e': 0.06476434879119362}",30,12,-6.67343454618321,"{0: 17, 1: 0, 2: 0, 3: 0, 4: 1}",1
2738,False,"{'a': 0.001, 'e': 0.06469961681378547}",20,6,24.10622107245665,"{0: 14, 1: 0, 2: 0, 3: 0, 4: 0}",1
2739,False,"{'a': 0.001, 'e': 0.06463494953599953}",20,8,23.64296138922698,"{0: 12, 1: 0, 2: 0, 3: 0, 4: 0}",1
2740,False,"{'a': 0.001, 'e': 0.06457034689316847}",20,13,12.749707399665567,"{0: 7, 1: 0, 2: 0, 3: 0, 4: 0}",1
2741,False,"{'a': 0.001, 'e': 0.06450580882068972}",25,15,16.90943082201083,"{0: 10, 1: 0, 2: 0, 3: 0, 4: 0}",1
2742,False,"{'a': 0.001, 'e': 0.06444133525402518}",30,18,21.979987314247683,"{0: 12, 1: 0, 2: 0, 3: 0, 4: 0}",1
2743,False,"{'a': 0.001, 'e': 0.06437692612870125}",20,13,13.345476465390934,"{0: 7, 1: 0, 2: 0, 3: 0, 4: 0}",1
2744,False,"{'a': 0.001, 'e': 0.06431258138030878}",20,15,7.7848535647331,"{0: 5, 1: 0, 2: 0, 3: 0, 4: 0}",1
2745,False,"{'a': 0.001, 'e': 0.06424830094450308}",20,3,20.529894149062166,"{0: 16, 1: 0, 2: 1, 3: 0, 4: 0}",1
2746,False,"{'a': 0.001, 'e': 0.06418408475700368}",20,10,6.018178547569255,"{0: 9, 1: 0, 2: 1, 3: 0, 4: 0}",1
2747,False,"{'a': 0.001, 'e': 0.0641199327535944}",20,11,14.573496951466225,"{0: 9, 1: 0, 2: 0, 3: 0, 4: 0}",1
2748,False,"{'a': 0.001, 'e': 0.06405584487012317}",20,10,8.40606029298382,"{0: 9, 1: 0, 2: 1, 3: 0, 4: 0}",1
2749,False,"{'a': 0.001, 'e': 0.06399182104250219}",25,16,16.579641112547726,"{0: 9, 1: 0, 2: 0, 3: 0, 4: 0}",1
2750,False,"{'a': 0.001, 'e': 0.06392786120670757}",20,8,21.74843952280962,"{0: 12, 1: 0, 2: 0, 3: 0, 4: 0}",1
2751,False,"{'a': 0.001, 'e': 0.0638639652987795}",20,10,1.0965735620033583,"{0: 8, 1: 1, 2: 1, 3: 0, 4: 0}",1
2752,False,"{'a': 0.001, 'e': 0.063800133254822}",20,6,24.136755941409202,"{0: 14, 1: 0, 2: 0, 3: 0, 4: 0}",1
2753,False,"{'a': 0.001, 'e': 0.06373636501100312}",20,12,15.315284242017597,"{0: 8, 1: 0, 2: 0, 3: 0, 4: 0}",1
2754,False,"{'a': 0.001, 'e': 0.06367266050355457}",20,0,13.489996482506776,"{0: 18, 1: 1, 2: 1, 3: 0, 4: 0}",0
2755,False,"{'a': 0.001, 'e': 0.0636090196687718}",25,18,13.928565228837371,"{0: 7, 1: 0, 2: 0, 3: 0, 4: 0}",1
2756,False,"{'a': 0.001, 'e': 0.063545442443014}",20,11,17.28028659908054,"{0: 9, 1: 0, 2: 0, 3: 0, 4: 0}",1
2757,False,"{'a': 0.001, 'e': 0.06348192876270395}",25,15,18.21550987753075,"{0: 10, 1: 0, 2: 0, 3: 0, 4: 0}",1
2758,False,"{'a': 0.001, 'e': 0.06341847856432796}",20,11,14.424178142107532,"{0: 9, 1: 0, 2: 0, 3: 0, 4: 0}",1
2759,False,"{'a': 0.001, 'e': 0.06335509178443581}",20,7,23.455734777199492,"{0: 13, 1: 0, 2: 0, 3: 0, 4: 0}",1
2760,False,"{'a': 0.001, 'e': 0.0632917683596407}",25,5,29.644755068560478,"{0: 19, 1: 1, 2: 0, 3: 0, 4: 0}",1
2761,False,"{'a': 0.001, 'e': 0.06322850822661927}",30,20,20.04215108392659,"{0: 10, 1: 0, 2: 0, 3: 0, 4: 0}",1
2762,False,"{'a': 0.001, 'e': 0.06316531132211131}",20,12,17.21481676267505,"{0: 8, 1: 0, 2: 0, 3: 0, 4: 0}",1
2763,False,"{'a': 0.001, 'e': 0.06310217758291994}",30,20,19.808442388101103,"{0: 10, 1: 0, 2: 0, 3: 0, 4: 0}",1
2764,False,"{'a': 0.001, 'e': 0.0630391069459114}",20,8,20.358414470048032,"{0: 12, 1: 0, 2: 0, 3: 0, 4: 0}",1
2765,False,"{'a': 0.001, 'e': 0.06297609934801507}",25,12,25.437902969026098,"{0: 13, 1: 0, 2: 0, 3: 0, 4: 0}",1
2766,False,"{'a': 0.001, 'e': 0.06291315472622334}",20,15,9.89158499956877,"{0: 5, 1: 0, 2: 0, 3: 0, 4: 0}",1
2767,False,"{'a': 0.001, 'e': 0.06285027301759159}",25,17,15.827360049459703,"{0: 8, 1: 0, 2: 0, 3: 0, 4: 0}",1
2768,False,"{'a': 0.001, 'e': 0.06278745415923806}",30,17,25.070214202027863,"{0: 13, 1: 0, 2: 0, 3: 0, 4: 0}",1
2769,False,"{'a': 0.001, 'e': 0.06272469808834395}",20,2,29.623378796333075,"{0: 18, 1: 0, 2: 0, 3: 0, 4: 0}",1
2770,False,"{'a': 0.001, 'e': 0.06266200474215315}",20,11,17.17264955925174,"{0: 9, 1: 0, 2: 0, 3: 0, 4: 0}",1
2771,False,"{'a': 0.001, 'e': 0.06259937405797232}",30,20,7.451372885721099,"{0: 9, 1: 0, 2: 1, 3: 0, 4: 0}",1
2772,False,"{'a': 0.001, 'e': 0.06253680597317074}",20,14,10.075757954115057,"{0: 6, 1: 0, 2: 0, 3: 0, 4: 0}",1
2773,False,"{'a': 0.001, 'e': 0.06247430042518036}",25,9,30.64655873377513,"{0: 16, 1: 0, 2: 0, 3: 0, 4: 0}",1
2774,False,"{'a': 0.001, 'e': 0.06241185735149562}",30,15,29.53781376632478,"{0: 15, 1: 0, 2: 0, 3: 0, 4: 0}",1
2775,False,"{'a': 0.001, 'e': 0.06234947668967343}",20,4,29.617185904259888,"{0: 16, 1: 0, 2: 0, 3: 0, 4: 0}",1
2776,False,"{'a': 0.001, 'e': 0.0622871583773331}",25,12,21.68916208591196,"{0: 13, 1: 0, 2: 0, 3: 0, 4: 0}",1
2777,False,"{'a': 0.001, 'e': 0.06222490235215636}",20,12,6.5790328292601785,"{0: 7, 1: 0, 2: 1, 3: 0, 4: 0}",1
2778,False,"{'a': 0.001, 'e': 0.062162708551887165}",35,26,20.3546806798288,"{0: 9, 1: 0, 2: 0, 3: 0, 4: 0}",1
2779,False,"{'a': 0.001, 'e': 0.0621005769143317}",25,13,16.254814840874673,"{0: 11, 1: 1, 2: 0, 3: 0, 4: 0}",1
2780,False,"{'a': 0.001, 'e': 0.06203850737735829}",20,16,9.175663117860164,"{0: 4, 1: 0, 2: 0, 3: 0, 4: 0}",1
2781,False,"{'a': 0.001, 'e': 0.061976499878897466}",25,15,5.9628190066377,"{0: 9, 1: 0, 2: 1, 3: 0, 4: 0}",1
2782,False,"{'a': 0.001, 'e': 0.061914554356941674}",20,14,6.370089725583457,"{0: 5, 1: 1, 2: 0, 3: 0, 4: 0}",1
2783,False,"{'a': 0.001, 'e': 0.06185267074954541}",25,17,14.191948508015308,"{0: 8, 1: 0, 2: 0, 3: 0, 4: 0}",1
2784,False,"{'a': 0.001, 'e': 0.061790848994825016}",20,9,23.281013403554898,"{0: 11, 1: 0, 2: 0, 3: 0, 4: 0}",1
2785,False,"{'a': 0.001, 'e': 0.06172908903095879}",25,13,21.631299795462287,"{0: 12, 1: 0, 2: 0, 3: 0, 4: 0}",1
2786,False,"{'a': 0.001, 'e': 0.061667390796186744}",25,12,14.20223286185163,"{0: 12, 1: 1, 2: 0, 3: 0, 4: 0}",1
2787,False,"{'a': 0.001, 'e': 0.061605754228810636}",20,7,25.894705561063674,"{0: 13, 1: 0, 2: 0, 3: 0, 4: 0}",1
2788,False,"{'a': 0.001, 'e': 0.06154417926719386}",25,14,23.640495720980567,"{0: 11, 1: 0, 2: 0, 3: 0, 4: 0}",1
2789,False,"{'a': 0.001, 'e': 0.0614826658497615}",20,11,15.87301514625811,"{0: 9, 1: 0, 2: 0, 3: 0, 4: 0}",1
2790,False,"{'a': 0.001, 'e': 0.06142121391500013}",20,12,15.15320118733744,"{0: 8, 1: 0, 2: 0, 3: 0, 4: 0}",1
2791,False,"{'a': 0.001, 'e': 0.06135982340145778}",25,11,26.03100363349258,"{0: 14, 1: 0, 2: 0, 3: 0, 4: 0}",1
2792,False,"{'a': 0.001, 'e': 0.061298494247743925}",25,12,11.993805283299146,"{0: 12, 1: 0, 2: 1, 3: 0, 4: 0}",1
2793,False,"{'a': 0.001, 'e': 0.061237226392529445}",25,10,26.055671095137647,"{0: 15, 1: 0, 2: 0, 3: 0, 4: 0}",1
2794,False,"{'a': 0.001, 'e': 0.06117601977454647}",25,4,37.084068290266586,"{0: 21, 1: 0, 2: 0, 3: 0, 4: 0}",1
2795,False,"{'a': 0.001, 'e': 0.06111487433258836}",20,0,35.6045411320351,"{0: 20, 1: 0, 2: 0, 3: 0, 4: 0}",0
2796,False,"{'a': 0.001, 'e': 0.06105379000550965}",20,9,10.044214321061846,"{0: 10, 1: 0, 2: 1, 3: 0, 4: 0}",1
2797,False,"{'a': 0.001, 'e': 0.06099276673222606}",20,11,18.323317473099895,"{0: 9, 1: 0, 2: 0, 3: 0, 4: 0}",1
2798,False,"{'a': 0.001, 'e': 0.06093180445171429}",25,12,13.369865098690038,"{0: 12, 1: 0, 2: 1, 3: 0, 4: 0}",1
2799,False,"{'a': 0.001, 'e': 0.06087090310301205}",20,6,-0.2425568669697027,"{0: 12, 1: 0, 2: 2, 3: 0, 4: 0}",1
2800,False,"{'a': 0.001, 'e': 0.06081006262521795}",20,11,16.823941574438635,"{0: 9, 1: 0, 2: 0, 3: 0, 4: 0}",1
2801,False,"{'a': 0.001, 'e': 0.060749282957491574}",20,16,8.364677679808997,"{0: 4, 1: 0, 2: 0, 3: 0, 4: 0}",1
2802,False,"{'a': 0.001, 'e': 0.06068856403905322}",25,12,10.605936407348171,"{0: 12, 1: 0, 2: 1, 3: 0, 4: 0}",1
2803,False,"{'a': 0.001, 'e': 0.06062790580918396}",20,12,13.333118939545805,"{0: 8, 1: 0, 2: 0, 3: 0, 4: 0}",1
2804,False,"{'a': 0.001, 'e': 0.060567308207225536}",30,22,16.68497402215469,"{0: 8, 1: 0, 2: 0, 3: 0, 4: 0}",1
2805,False,"{'a': 0.001, 'e': 0.06050677117258039}",30,19,22.9389949657827,"{0: 11, 1: 0, 2: 0, 3: 0, 4: 0}",1
2806,False,"{'a': 0.001, 'e': 0.06044629464471146}",25,10,30.70404047102111,"{0: 15, 1: 0, 2: 0, 3: 0, 4: 0}",1
2807,False,"{'a': 0.001, 'e': 0.06038587856314221}",25,9,34.541150825842195,"{0: 16, 1: 0, 2: 0, 3: 0, 4: 0}",1
2808,False,"{'a': 0.001, 'e': 0.06032552286745654}",20,0,34.65731481836928,"{0: 20, 1: 0, 2: 0, 3: 0, 4: 0}",0
2809,False,"{'a': 0.001, 'e': 0.060265227497298776}",20,12,15.721893835373386,"{0: 8, 1: 0, 2: 0, 3: 0, 4: 0}",1
2810,False,"{'a': 0.001, 'e': 0.06020499239237354}",25,11,31.007411313542235,"{0: 14, 1: 0, 2: 0, 3: 0, 4: 0}",1
2811,False,"{'a': 0.001, 'e': 0.06014481749244571}",30,13,21.555406656930188,"{0: 16, 1: 0, 2: 1, 3: 0, 4: 0}",1
2812,False,"{'a': 0.001, 'e': 0.06008470273734036}",25,12,16.03055891854662,"{0: 12, 1: 1, 2: 0, 3: 0, 4: 0}",1
2813,False,"{'a': 0.001, 'e': 0.060024648066942785}",20,2,30.703820209206334,"{0: 18, 1: 0, 2: 0, 3: 0, 4: 0}",1
2814,False,"{'a': 0.001, 'e': 0.05996465342119827}",20,4,26.68657083406274,"{0: 16, 1: 0, 2: 0, 3: 0, 4: 0}",1
2815,False,"{'a': 0.001, 'e': 0.05990471874011218}",20,13,12.952453184947506,"{0: 7, 1: 0, 2: 0, 3: 0, 4: 0}",1
2816,False,"{'a': 0.001, 'e': 0.059844843963749825}",20,13,12.336725948998323,"{0: 7, 1: 0, 2: 0, 3: 0, 4: 0}",1
2817,False,"{'a': 0.001, 'e': 0.059785029032236384}",25,13,23.00182661264264,"{0: 12, 1: 0, 2: 0, 3: 0, 4: 0}",1
2818,False,"{'a': 0.001, 'e': 0.05972527388575699}",20,2,17.70028620167946,"{0: 17, 1: 0, 2: 1, 3: 0, 4: 0}",1
2819,False,"{'a': 0.001, 'e': 0.05966557846455646}",25,14,20.136968271821104,"{0: 11, 1: 0, 2: 0, 3: 0, 4: 0}",1
2820,False,"{'a': 0.001, 'e': 0.05960594270893937}",20,0,14.375806859486257,"{0: 19, 1: 0, 2: 1, 3: 0, 4: 0}",0
2821,False,"{'a': 0.001, 'e': 0.05954636655926992}",20,12,14.352631278917228,"{0: 8, 1: 0, 2: 0, 3: 0, 4: 0}",1
2822,False,"{'a': 0.001, 'e': 0.05948684995597202}",25,6,21.804240624311838,"{0: 18, 1: 1, 2: 0, 3: 0, 4: 0}",1
2823,False,"{'a': 0.001, 'e': 0.05942739283952904}",20,8,21.91778549515649,"{0: 12, 1: 0, 2: 0, 3: 0, 4: 0}",1
2824,False,"{'a': 0.001, 'e': 0.05936799515048385}",30,14,28.78526363826429,"{0: 16, 1: 0, 2: 0, 3: 0, 4: 0}",1
2825,False,"{'a': 0.001, 'e': 0.05930865682943872}",20,13,-1.1321169512243563,"{0: 6, 1: 0, 2: 1, 3: 0, 4: 0}",1
2826,False,"{'a': 0.001, 'e': 0.0592493778170554}",25,11,24.293899592972778,"{0: 14, 1: 0, 2: 0, 3: 0, 4: 0}",1
2827,False,"{'a': 0.001, 'e': 0.05919015805405483}",20,9,17.55617151065952,"{0: 11, 1: 0, 2: 0, 3: 0, 4: 0}",1
2828,False,"{'a': 0.001, 'e': 0.05913099748121725}",25,16,18.664507967868467,"{0: 9, 1: 0, 2: 0, 3: 0, 4: 0}",1
2829,False,"{'a': 0.001, 'e': 0.05907189603938205}",20,13,12.491501654331273,"{0: 7, 1: 0, 2: 0, 3: 0, 4: 0}",1
2830,False,"{'a': 0.001, 'e': 0.05901285366944784}",20,16,6.885348806470576,"{0: 4, 1: 0, 2: 0, 3: 0, 4: 0}",1
2831,False,"{'a': 0.001, 'e': 0.05895387031237222}",25,17,16.253406546057395,"{0: 8, 1: 0, 2: 0, 3: 0, 4: 0}",1
2832,False,"{'a': 0.001, 'e': 0.05889494590917182}",35,21,26.303962950595494,"{0: 14, 1: 0, 2: 0, 3: 0, 4: 0}",1
2833,False,"{'a': 0.001, 'e': 0.05883608040092221}",20,0,33.2735867154241,"{0: 20, 1: 0, 2: 0, 3: 0, 4: 0}",1
2834,False,"{'a': 0.001, 'e': 0.058777273728757934}",25,5,38.15404640618364,"{0: 20, 1: 0, 2: 0, 3: 0, 4: 0}",1
2835,False,"{'a': 0.001, 'e': 0.058718525833872284}",25,13,24.591805606238385,"{0: 12, 1: 0, 2: 0, 3: 0, 4: 0}",1
2836,False,"{'a': 0.001, 'e': 0.05865983665751736}",20,8,23.826369001779582,"{0: 12, 1: 0, 2: 0, 3: 0, 4: 0}",1
2837,False,"{'a': 0.001, 'e': 0.058601206141003954}",20,9,20.541411475091557,"{0: 11, 1: 0, 2: 0, 3: 0, 4: 0}",1
2838,False,"{'a': 0.001, 'e': 0.0585426342257016}",30,11,21.569298400852137,"{0: 18, 1: 0, 2: 1, 3: 0, 4: 0}",1
2839,False,"{'a': 0.001, 'e': 0.05848412085303835}",20,12,13.76131903557808,"{0: 8, 1: 0, 2: 0, 3: 0, 4: 0}",1
2840,False,"{'a': 0.001, 'e': 0.05842566596450083}",20,14,9.025911316845281,"{0: 6, 1: 0, 2: 0, 3: 0, 4: 0}",1
2841,False,"{'a': 0.001, 'e': 0.058367269501634116}",20,6,26.95294668195855,"{0: 14, 1: 0, 2: 0, 3: 0, 4: 0}",1
2842,False,"{'a': 0.001, 'e': 0.05830893140604179}",25,15,1.6406886784014616,"{0: 8, 1: 1, 2: 1, 3: 0, 4: 0}",1
2843,False,"{'a': 0.001, 'e': 0.05825065161938573}",20,1,27.766862918855075,"{0: 19, 1: 0, 2: 0, 3: 0, 4: 0}",1
2844,False,"{'a': 0.001, 'e': 0.05819243008338615}",30,20,21.68735249394517,"{0: 10, 1: 0, 2: 0, 3: 0, 4: 0}",1
2845,False,"{'a': 0.001, 'e': 0.058134266739821465}",20,14,2.336287390887297,"{0: 5, 1: 0, 2: 1, 3: 0, 4: 0}",1
2846,False,"{'a': 0.001, 'e': 0.0580761615305284}",20,13,17.778386509135526,"{0: 7, 1: 0, 2: 0, 3: 0, 4: 0}",1
2847,False,"{'a': 0.001, 'e': 0.058018114397401704}",20,12,15.296742735358658,"{0: 8, 1: 0, 2: 0, 3: 0, 4: 0}",1
2848,False,"{'a': 0.001, 'e': 0.057960125282394234}",20,14,12.876817345991064,"{0: 6, 1: 0, 2: 0, 3: 0, 4: 0}",1
2849,False,"{'a': 0.001, 'e': 0.057902194127516855}",20,10,7.359877462034621,"{0: 9, 1: 0, 2: 1, 3: 0, 4: 0}",1
2850,False,"{'a': 0.001, 'e': 0.057844320874838456}",20,7,26.914169691243163,"{0: 13, 1: 0, 2: 0, 3: 0, 4: 0}",1
2851,False,"{'a': 0.001, 'e': 0.057786505466485755}",25,8,28.152543804555528,"{0: 17, 1: 0, 2: 0, 3: 0, 4: 0}",1
2852,False,"{'a': 0.001, 'e': 0.05772874784464333}",25,17,18.725265317738,"{0: 8, 1: 0, 2: 0, 3: 0, 4: 0}",1
2853,False,"{'a': 0.001, 'e': 0.057671047951553533}",20,13,10.542852249040273,"{0: 7, 1: 0, 2: 0, 3: 0, 4: 0}",1
2854,False,"{'a': 0.001, 'e': 0.05761340572951652}",30,21,17.87289876961195,"{0: 9, 1: 0, 2: 0, 3: 0, 4: 0}",1
2855,False,"{'a': 0.001, 'e': 0.05755582112089005}",30,10,8.238321022738226,"{0: 18, 1: 1, 2: 0, 3: 1, 4: 0}",1
2856,False,"{'a': 0.001, 'e': 0.057498294068089484}",20,8,24.685785284518744,"{0: 12, 1: 0, 2: 0, 3: 0, 4: 0}",1
2857,False,"{'a': 0.001, 'e': 0.05744082451358776}",25,18,12.354775124152072,"{0: 7, 1: 0, 2: 0, 3: 0, 4: 0}",1
2858,False,"{'a': 0.001, 'e': 0.05738341239991535}",25,14,20.474533356073287,"{0: 11, 1: 0, 2: 0, 3: 0, 4: 0}",1
2859,False,"{'a': 0.001, 'e': 0.05732605766966013}",25,17,14.499150137980745,"{0: 8, 1: 0, 2: 0, 3: 0, 4: 0}",1
2860,False,"{'a': 0.001, 'e': 0.05726876026546736}",20,14,12.85743800767453,"{0: 6, 1: 0, 2: 0, 3: 0, 4: 0}",1
2861,False,"{'a': 0.001, 'e': 0.0572115201300396}",25,17,14.844161516850317,"{0: 8, 1: 0, 2: 0, 3: 0, 4: 0}",1
2862,False,"{'a': 0.001, 'e': 0.05715433720613676}",20,10,21.409319332147987,"{0: 10, 1: 0, 2: 0, 3: 0, 4: 0}",1
2863,False,"{'a': 0.001, 'e': 0.05709721143657589}",20,13,12.712498302322016,"{0: 7, 1: 0, 2: 0, 3: 0, 4: 0}",1
2864,False,"{'a': 0.001, 'e': 0.057040142764231215}",30,16,26.299172493392387,"{0: 14, 1: 0, 2: 0, 3: 0, 4: 0}",1
2865,False,"{'a': 0.001, 'e': 0.056983131132034036}",25,10,25.547179102969398,"{0: 15, 1: 0, 2: 0, 3: 0, 4: 0}",1
2866,False,"{'a': 0.001, 'e': 0.056926176482972754}",30,3,41.69735141209751,"{0: 27, 1: 0, 2: 0, 3: 0, 4: 0}",1
2867,False,"{'a': 0.001, 'e': 0.056869278760092706}",25,14,22.855811367302195,"{0: 11, 1: 0, 2: 0, 3: 0, 4: 0}",1
2868,False,"{'a': 0.001, 'e': 0.056812437906496156}",30,7,39.460834075614486,"{0: 23, 1: 0, 2: 0, 3: 0, 4: 0}",1
2869,False,"{'a': 0.001, 'e': 0.056755653865342225}",20,12,8.7451008319874,"{0: 7, 1: 1, 2: 0, 3: 0, 4: 0}",1
2870,False,"{'a': 0.001, 'e': 0.0566989265798469}",25,9,28.48277448828812,"{0: 16, 1: 0, 2: 0, 3: 0, 4: 0}",1
2871,False,"{'a': 0.001, 'e': 0.056642255993282896}",30,13,5.380228678210631,"{0: 15, 1: 0, 2: 2, 3: 0, 4: 0}",1
2872,False,"{'a': 0.001, 'e': 0.056585642048979604}",20,6,23.75150833630318,"{0: 14, 1: 0, 2: 0, 3: 0, 4: 0}",1
2873,False,"{'a': 0.001, 'e': 0.05652908469032304}",35,17,33.29378971712351,"{0: 18, 1: 0, 2: 0, 3: 0, 4: 0}",1
2874,False,"{'a': 0.001, 'e': 0.05647258386075591}",30,18,23.64964965797491,"{0: 12, 1: 0, 2: 0, 3: 0, 4: 0}",1
2875,False,"{'a': 0.001, 'e': 0.05641613950377735}",30,14,26.984779173193285,"{0: 16, 1: 0, 2: 0, 3: 0, 4: 0}",1
2876,False,"{'a': 0.001, 'e': 0.05635975156294299}",30,16,-3.0136177745788486,"{0: 12, 1: 0, 2: 2, 3: 0, 4: 0}",1
2877,False,"{'a': 0.001, 'e': 0.05630341998186487}",20,8,22.68749759423592,"{0: 12, 1: 0, 2: 0, 3: 0, 4: 0}",1
2878,False,"{'a': 0.001, 'e': 0.05624714470421144}",20,12,17.307790540463696,"{0: 8, 1: 0, 2: 0, 3: 0, 4: 0}",1
2879,False,"{'a': 0.001, 'e': 0.056190925673707405}",20,13,14.543673480304562,"{0: 7, 1: 0, 2: 0, 3: 0, 4: 0}",1
2880,False,"{'a': 0.001, 'e': 0.056134762834133725}",20,9,8.41651500583744,"{0: 10, 1: 0, 2: 1, 3: 0, 4: 0}",1
2881,False,"{'a': 0.001, 'e': 0.05607865612932754}",30,13,31.315138652388388,"{0: 17, 1: 0, 2: 0, 3: 0, 4: 0}",1
2882,False,"{'a': 0.001, 'e': 0.05602260550318217}",20,6,21.44425025617103,"{0: 14, 1: 0, 2: 0, 3: 0, 4: 0}",1
2883,False,"{'a': 0.001, 'e': 0.05596661089964698}",20,14,11.434640628192934,"{0: 6, 1: 0, 2: 0, 3: 0, 4: 0}",1
2884,False,"{'a': 0.001, 'e': 0.055910672262727355}",25,8,25.24147812603936,"{0: 17, 1: 0, 2: 0, 3: 0, 4: 0}",1
2885,False,"{'a': 0.001, 'e': 0.05585478953648462}",20,14,10.769978490294962,"{0: 6, 1: 0, 2: 0, 3: 0, 4: 0}",1
2886,False,"{'a': 0.001, 'e': 0.05579896266503611}",20,13,0.45592744691281073,"{0: 6, 1: 0, 2: 1, 3: 0, 4: 0}",1
2887,False,"{'a': 0.001, 'e': 0.055743191592554905}",20,13,10.989960136205191,"{0: 7, 1: 0, 2: 0, 3: 0, 4: 0}",1
2888,False,"{'a': 0.001, 'e': 0.05568747626326995}",25,14,8.891543685433078,"{0: 10, 1: 0, 2: 1, 3: 0, 4: 0}",1
2889,False,"{'a': 0.001, 'e': 0.055631816621465865}",20,2,12.01520906540946,"{0: 17, 1: 0, 2: 1, 3: 0, 4: 0}",1
2890,False,"{'a': 0.001, 'e': 0.05557621261148306}",20,8,22.409583651971477,"{0: 12, 1: 0, 2: 0, 3: 0, 4: 0}",1
2891,False,"{'a': 0.001, 'e': 0.055520664177717505}",20,7,10.896883572574717,"{0: 12, 1: 0, 2: 1, 3: 0, 4: 0}",1
2892,False,"{'a': 0.001, 'e': 0.05546517126462075}",20,10,17.719886095819625,"{0: 10, 1: 0, 2: 0, 3: 0, 4: 0}",1
2893,False,"{'a': 0.001, 'e': 0.055409733816699856}",25,19,10.642898652189963,"{0: 6, 1: 0, 2: 0, 3: 0, 4: 0}",1
2894,False,"{'a': 0.001, 'e': 0.05535435177851743}",20,10,20.342393404978168,"{0: 10, 1: 0, 2: 0, 3: 0, 4: 0}",1
2895,False,"{'a': 0.001, 'e': 0.05529902509469138}",25,3,-7.046293600763406,"{0: 21, 1: 0, 2: 0, 3: 0, 4: 1}",1
2896,False,"{'a': 0.001, 'e': 0.055243753709895045}",25,8,28.337805244724716,"{0: 17, 1: 0, 2: 0, 3: 0, 4: 0}",1
2897,False,"{'a': 0.001, 'e': 0.055188537568857}",20,9,23.412761237629248,"{0: 11, 1: 0, 2: 0, 3: 0, 4: 0}",1
2898,False,"{'a': 0.001, 'e': 0.05513337661636114}",20,10,8.314684668293996,"{0: 9, 1: 0, 2: 1, 3: 0, 4: 0}",1
2899,False,"{'a': 0.001, 'e': 0.05507827079724649}",20,10,18.80995708972039,"{0: 10, 1: 0, 2: 0, 3: 0, 4: 0}",1
2900,False,"{'a': 0.001, 'e': 0.05502322005640723}",30,14,33.441343759843036,"{0: 16, 1: 0, 2: 0, 3: 0, 4: 0}",1
2901,False,"{'a': 0.001, 'e': 0.054968224338792594}",25,8,31.597266416823906,"{0: 17, 1: 0, 2: 0, 3: 0, 4: 0}",1
2902,False,"{'a': 0.001, 'e': 0.05491328358940689}",25,13,-17.367130598971944,"{0: 11, 1: 0, 2: 0, 3: 0, 4: 1}",1
2903,False,"{'a': 0.001, 'e': 0.05485839775330936}",20,10,-0.1344224216846328,"{0: 8, 1: 1, 2: 1, 3: 0, 4: 0}",1
2904,False,"{'a': 0.001, 'e': 0.054803566775614154}",35,19,22.44500050333253,"{0: 15, 1: 1, 2: 0, 3: 0, 4: 0}",1
2905,False,"{'a': 0.001, 'e': 0.054748790601490266}",25,9,28.842856827487136,"{0: 16, 1: 0, 2: 0, 3: 0, 4: 0}",1
2906,False,"{'a': 0.001, 'e': 0.05469406917616156}",20,3,20.374659213573135,"{0: 16, 1: 1, 2: 0, 3: 0, 4: 0}",1
2907,False,"{'a': 0.001, 'e': 0.054639402444906594}",25,12,22.549384845735723,"{0: 13, 1: 0, 2: 0, 3: 0, 4: 0}",1
2908,False,"{'a': 0.001, 'e': 0.054584790353058625}",35,15,38.12111496234532,"{0: 20, 1: 0, 2: 0, 3: 0, 4: 0}",1
2909,False,"{'a': 0.001, 'e': 0.054530232846005534}",20,9,19.941156242968894,"{0: 11, 1: 0, 2: 0, 3: 0, 4: 0}",1
2910,False,"{'a': 0.001, 'e': 0.05447572986918986}",25,11,27.019122957953556,"{0: 14, 1: 0, 2: 0, 3: 0, 4: 0}",1
2911,False,"{'a': 0.001, 'e': 0.05442128136810859}",25,11,25.72348449768941,"{0: 14, 1: 0, 2: 0, 3: 0, 4: 0}",1
2912,False,"{'a': 0.001, 'e': 0.05436688728831322}",35,20,16.40567434986928,"{0: 14, 1: 0, 2: 1, 3: 0, 4: 0}",1
2913,False,"{'a': 0.001, 'e': 0.05431254757540965}",20,9,21.5196603195676,"{0: 11, 1: 0, 2: 0, 3: 0, 4: 0}",1
2914,False,"{'a': 0.001, 'e': 0.05425826217505821}",25,19,13.038489635774758,"{0: 6, 1: 0, 2: 0, 3: 0, 4: 0}",1
2915,False,"{'a': 0.001, 'e': 0.054204031032973464}",25,12,22.982025609874288,"{0: 13, 1: 0, 2: 0, 3: 0, 4: 0}",1
2916,False,"{'a': 0.001, 'e': 0.05414985409492427}",30,6,44.49531081084461,"{0: 24, 1: 0, 2: 0, 3: 0, 4: 0}",1
2917,False,"{'a': 0.001, 'e': 0.054095731306733646}",20,11,15.944490088836066,"{0: 9, 1: 0, 2: 0, 3: 0, 4: 0}",1
2918,False,"{'a': 0.001, 'e': 0.054041662614278875}",20,6,21.628363924490362,"{0: 14, 1: 0, 2: 0, 3: 0, 4: 0}",1
2919,False,"{'a': 0.001, 'e': 0.05398764796349122}",20,12,4.5325541707752555,"{0: 7, 1: 0, 2: 1, 3: 0, 4: 0}",1
2920,False,"{'a': 0.001, 'e': 0.05393368730035602}",20,11,14.642687097784602,"{0: 9, 1: 0, 2: 0, 3: 0, 4: 0}",1
2921,False,"{'a': 0.001, 'e': 0.0538797805709126}",25,2,41.52612803362316,"{0: 23, 1: 0, 2: 0, 3: 0, 4: 0}",1
2922,False,"{'a': 0.001, 'e': 0.05382592772125425}",35,17,35.09027290438062,"{0: 18, 1: 0, 2: 0, 3: 0, 4: 0}",1
2923,False,"{'a': 0.001, 'e': 0.05377212869752812}",35,20,-11.780812142140375,"{0: 14, 1: 0, 2: 0, 3: 0, 4: 1}",1
2924,False,"{'a': 0.001, 'e': 0.053718383445935165}",20,10,21.31289508031727,"{0: 10, 1: 0, 2: 0, 3: 0, 4: 0}",1
2925,False,"{'a': 0.001, 'e': 0.05366469191273011}",20,6,26.163220252938274,"{0: 14, 1: 0, 2: 0, 3: 0, 4: 0}",1
2926,False,"{'a': 0.001, 'e': 0.053611054044221465}",25,19,10.901396942028967,"{0: 6, 1: 0, 2: 0, 3: 0, 4: 0}",1
2927,False,"{'a': 0.001, 'e': 0.053557469786771325}",30,20,21.601283158649498,"{0: 10, 1: 0, 2: 0, 3: 0, 4: 0}",1
2928,False,"{'a': 0.001, 'e': 0.05350393908679544}",20,3,28.08676420277337,"{0: 17, 1: 0, 2: 0, 3: 0, 4: 0}",1
2929,False,"{'a': 0.001, 'e': 0.05345046189076308}",20,8,23.089965310447102,"{0: 12, 1: 0, 2: 0, 3: 0, 4: 0}",1
2930,False,"{'a': 0.001, 'e': 0.053397038145197084}",20,13,15.582945917392026,"{0: 7, 1: 0, 2: 0, 3: 0, 4: 0}",1
2931,False,"{'a': 0.001, 'e': 0.05334366779667368}",20,4,27.845322773460378,"{0: 16, 1: 0, 2: 0, 3: 0, 4: 0}",1
2932,False,"{'a': 0.001, 'e': 0.053290350791822524}",25,16,15.873503046143457,"{0: 9, 1: 0, 2: 0, 3: 0, 4: 0}",1
2933,False,"{'a': 0.001, 'e': 0.05323708707732657}",25,20,10.956068915657141,"{0: 5, 1: 0, 2: 0, 3: 0, 4: 0}",1
2934,False,"{'a': 0.001, 'e': 0.05318387659992216}",25,17,14.783271373137792,"{0: 8, 1: 0, 2: 0, 3: 0, 4: 0}",1
2935,False,"{'a': 0.001, 'e': 0.05313071930639878}",25,16,16.33436187791721,"{0: 9, 1: 0, 2: 0, 3: 0, 4: 0}",1
2936,False,"{'a': 0.001, 'e': 0.053077615143599134}",25,17,15.692959693066763,"{0: 8, 1: 0, 2: 0, 3: 0, 4: 0}",1
2937,False,"{'a': 0.001, 'e': 0.05302456405841903}",20,14,3.4331039575683615,"{0: 5, 1: 1, 2: 0, 3: 0, 4: 0}",1
2938,False,"{'a': 0.001, 'e': 0.052971565997807425}",25,20,10.240185015095829,"{0: 5, 1: 0, 2: 0, 3: 0, 4: 0}",1
2939,False,"{'a': 0.001, 'e': 0.052918620908766235}",20,12,14.301995832741113,"{0: 8, 1: 0, 2: 0, 3: 0, 4: 0}",1
2940,False,"{'a': 0.001, 'e': 0.05286572873835037}",30,23,15.892570782949736,"{0: 7, 1: 0, 2: 0, 3: 0, 4: 0}",1
2941,False,"{'a': 0.001, 'e': 0.05281288943366762}",30,24,10.211300252760486,"{0: 6, 1: 0, 2: 0, 3: 0, 4: 0}",1
2942,False,"{'a': 0.001, 'e': 0.052760102941878724}",20,7,25.242053518167516,"{0: 13, 1: 0, 2: 0, 3: 0, 4: 0}",1
2943,False,"{'a': 0.001, 'e': 0.05270736921019717}",25,11,32.29382325995975,"{0: 14, 1: 0, 2: 0, 3: 0, 4: 0}",1
2944,False,"{'a': 0.001, 'e': 0.05265468818588921}",20,13,12.662133400461228,"{0: 7, 1: 0, 2: 0, 3: 0, 4: 0}",1
2945,False,"{'a': 0.001, 'e': 0.05260205981627384}",30,16,13.171548320792386,"{0: 13, 1: 0, 2: 1, 3: 0, 4: 0}",1
2946,False,"{'a': 0.001, 'e': 0.05254948404872264}",30,16,-8.670632047115106,"{0: 12, 1: 0, 2: 1, 3: 1, 4: 0}",1
2947,False,"{'a': 0.001, 'e': 0.05249696083065988}",20,14,9.936886694349624,"{0: 6, 1: 0, 2: 0, 3: 0, 4: 0}",1
2948,False,"{'a': 0.001, 'e': 0.05244449010956234}",25,11,21.206401170992603,"{0: 13, 1: 1, 2: 0, 3: 0, 4: 0}",1
2949,False,"{'a': 0.001, 'e': 0.052392071832959276}",20,6,11.813759918176574,"{0: 13, 1: 0, 2: 1, 3: 0, 4: 0}",1
2950,False,"{'a': 0.001, 'e': 0.05233970594843238}",30,15,31.39956462411898,"{0: 15, 1: 0, 2: 0, 3: 0, 4: 0}",1
2951,False,"{'a': 0.001, 'e': 0.05228739240361583}",25,14,17.441081526802712,"{0: 11, 1: 0, 2: 0, 3: 0, 4: 0}",1
2952,False,"{'a': 0.001, 'e': 0.05223513114619603}",30,15,29.110830326616583,"{0: 15, 1: 0, 2: 0, 3: 0, 4: 0}",1
2953,False,"{'a': 0.001, 'e': 0.052182922123911735}",25,14,21.0538835511405,"{0: 11, 1: 0, 2: 0, 3: 0, 4: 0}",1
2954,False,"{'a': 0.001, 'e': 0.05213076528455389}",20,12,15.035756987017969,"{0: 8, 1: 0, 2: 0, 3: 0, 4: 0}",1
2955,False,"{'a': 0.001, 'e': 0.05207866057596569}",20,12,11.41803588436232,"{0: 8, 1: 0, 2: 0, 3: 0, 4: 0}",1
2956,False,"{'a': 0.001, 'e': 0.052026607946042414}",25,10,28.581666824200152,"{0: 15, 1: 0, 2: 0, 3: 0, 4: 0}",1
2957,False,"{'a': 0.001, 'e': 0.05197460734273142}",25,13,12.962393572350514,"{0: 11, 1: 0, 2: 1, 3: 0, 4: 0}",1
2958,False,"{'a': 0.001, 'e': 0.05192265871403207}",20,15,11.61152497615629,"{0: 5, 1: 0, 2: 0, 3: 0, 4: 0}",1
2959,False,"{'a': 0.001, 'e': 0.051870762007995785}",25,15,19.586541105632506,"{0: 10, 1: 0, 2: 0, 3: 0, 4: 0}",1
2960,False,"{'a': 0.001, 'e': 0.05181891717272583}",25,15,22.755122881810248,"{0: 10, 1: 0, 2: 0, 3: 0, 4: 0}",1
2961,False,"{'a': 0.001, 'e': 0.051767124156377374}",20,15,8.313822162632867,"{0: 5, 1: 0, 2: 0, 3: 0, 4: 0}",1
2962,False,"{'a': 0.001, 'e': 0.05171538290715736}",20,7,7.340819494739827,"{0: 12, 1: 0, 2: 1, 3: 0, 4: 0}",1
2963,False,"{'a': 0.001, 'e': 0.05166369337332458}",25,12,11.80294878241838,"{0: 12, 1: 0, 2: 1, 3: 0, 4: 0}",1
2964,False,"{'a': 0.001, 'e': 0.05161205550318949}",20,6,25.079234099130517,"{0: 14, 1: 0, 2: 0, 3: 0, 4: 0}",1
2965,False,"{'a': 0.001, 'e': 0.0515604692451142}",20,16,6.548344644951424,"{0: 4, 1: 0, 2: 0, 3: 0, 4: 0}",1
2966,False,"{'a': 0.001, 'e': 0.051508934547512424}",20,7,22.534792358200114,"{0: 13, 1: 0, 2: 0, 3: 0, 4: 0}",1
2967,False,"{'a': 0.001, 'e': 0.051457451358849514}",20,12,14.920094816992258,"{0: 8, 1: 0, 2: 0, 3: 0, 4: 0}",1
2968,False,"{'a': 0.001, 'e': 0.051406019627642255}",30,17,23.06473578673444,"{0: 13, 1: 0, 2: 0, 3: 0, 4: 0}",1
2969,False,"{'a': 0.001, 'e': 0.051354639302458906}",25,10,29.460821772895592,"{0: 15, 1: 0, 2: 0, 3: 0, 4: 0}",1
2970,False,"{'a': 0.001, 'e': 0.05130331033191911}",25,18,12.124906005405482,"{0: 7, 1: 0, 2: 0, 3: 0, 4: 0}",1
2971,False,"{'a': 0.001, 'e': 0.05125203266469395}",20,14,12.757787581054775,"{0: 6, 1: 0, 2: 0, 3: 0, 4: 0}",1
2972,False,"{'a': 0.001, 'e': 0.05120080624950572}",20,10,9.11048447890902,"{0: 9, 1: 0, 2: 1, 3: 0, 4: 0}",1
2973,False,"{'a': 0.001, 'e': 0.05114963103512801}",25,7,24.15824207920328,"{0: 17, 1: 1, 2: 0, 3: 0, 4: 0}",1
2974,False,"{'a': 0.001, 'e': 0.05109850697038558}",35,12,38.78232911701346,"{0: 23, 1: 0, 2: 0, 3: 0, 4: 0}",1
2975,False,"{'a': 0.001, 'e': 0.051047434004154395}",25,7,16.386379529999083,"{0: 17, 1: 0, 2: 1, 3: 0, 4: 0}",1
2976,False,"{'a': 0.001, 'e': 0.050996412085361466}",25,13,23.289499674788026,"{0: 12, 1: 0, 2: 0, 3: 0, 4: 0}",1
2977,False,"{'a': 0.001, 'e': 0.05094544116298488}",20,16,7.407956932547428,"{0: 4, 1: 0, 2: 0, 3: 0, 4: 0}",1
2978,False,"{'a': 0.001, 'e': 0.05089452118605367}",25,17,15.468219539361773,"{0: 8, 1: 0, 2: 0, 3: 0, 4: 0}",1
2979,False,"{'a': 0.001, 'e': 0.05084365210364792}",20,6,27.03209341729863,"{0: 14, 1: 0, 2: 0, 3: 0, 4: 0}",1
2980,False,"{'a': 0.001, 'e': 0.0507928338648985}",20,13,11.39127463600032,"{0: 7, 1: 0, 2: 0, 3: 0, 4: 0}",1
2981,False,"{'a': 0.001, 'e': 0.05074206641898719}",35,15,36.39045674419336,"{0: 20, 1: 0, 2: 0, 3: 0, 4: 0}",1
2982,False,"{'a': 0.001, 'e': 0.050691349715146494}",25,12,18.603804122135664,"{0: 12, 1: 1, 2: 0, 3: 0, 4: 0}",1
2983,False,"{'a': 0.001, 'e': 0.05064068370265976}",25,13,21.44792139456447,"{0: 12, 1: 0, 2: 0, 3: 0, 4: 0}",1
2984,False,"{'a': 0.001, 'e': 0.05059006833086096}",20,10,20.257218862182313,"{0: 10, 1: 0, 2: 0, 3: 0, 4: 0}",1
2985,False,"{'a': 0.001, 'e': 0.050539503549134696}",30,14,-9.531124748370491,"{0: 15, 1: 0, 2: 0, 3: 0, 4: 1}",1
2986,False,"{'a': 0.001, 'e': 0.05048898930691617}",30,22,15.181583021499566,"{0: 8, 1: 0, 2: 0, 3: 0, 4: 0}",1
2987,False,"{'a': 0.001, 'e': 0.05043852555369119}",20,11,20.616208802197498,"{0: 9, 1: 0, 2: 0, 3: 0, 4: 0}",1
2988,False,"{'a': 0.001, 'e': 0.05038811223899596}",20,8,3.2480738608846003,"{0: 10, 1: 1, 2: 1, 3: 0, 4: 0}",1
2989,False,"{'a': 0.001, 'e': 0.05033774931241717}",25,14,20.08263674140448,"{0: 11, 1: 0, 2: 0, 3: 0, 4: 0}",1
2990,False,"{'a': 0.001, 'e': 0.050287436723591865}",20,13,15.032791287285296,"{0: 7, 1: 0, 2: 0, 3: 0, 4: 0}",1
2991,False,"{'a': 0.001, 'e': 0.050237174422207494}",20,11,-4.822375854848939,"{0: 8, 1: 0, 2: 0, 3: 1, 4: 0}",1
2992,False,"{'a': 0.001, 'e': 0.050186962358001734}",20,3,29.107302440384675,"{0: 17, 1: 0, 2: 0, 3: 0, 4: 0}",1
2993,False,"{'a': 0.001, 'e': 0.050136800480762515}",35,20,11.244810711121572,"{0: 14, 1: 0, 2: 1, 3: 0, 4: 0}",1
2994,False,"{'a': 0.001, 'e': 0.05008668874032793}",20,8,26.053552725097564,"{0: 12, 1: 0, 2: 0, 3: 0, 4: 0}",1
2995,False,"{'a': 0.001, 'e': 0.05003662708658628}",30,20,19.38459306550982,"{0: 10, 1: 0, 2: 0, 3: 0, 4: 0}",1
2996,False,"{'a': 0.001, 'e': 0.049986615469475894}",20,9,15.165183862101497,"{0: 10, 1: 1, 2: 0, 3: 0, 4: 0}",1
2997,False,"{'a': 0.001, 'e': 0.049936653838985136}",25,18,4.23315897669473,"{0: 6, 1: 1, 2: 0, 3: 0, 4: 0}",1
2998,False,"{'a': 0.001, 'e': 0.04988674214515236}",25,11,28.376670970267288,"{0: 14, 1: 0, 2: 0, 3: 0, 4: 0}",1
2999,False,"{'a': 0.001, 'e': 0.0498368803380659}",25,5,8.065530835298706,"{0: 18, 1: 0, 2: 2, 3: 0, 4: 0}",1
3000,False,"{'a': 0.001, 'e': 0.049787068367863944}",20,2,26.058527958404767,"{0: 18, 1: 0, 2: 0, 3: 0, 4: 0}",1
3001,False,"{'a': 0.001, 'e': 0.0497373061847345}",25,18,5.146333610696539,"{0: 6, 1: 1, 2: 0, 3: 0, 4: 0}",1
3002,False,"{'a': 0.001, 'e': 0.04968759373891536}",20,10,20.84063611745166,"{0: 10, 1: 0, 2: 0, 3: 0, 4: 0}",1
3003,False,"{'a': 0.001, 'e': 0.04963793098069413}",20,9,21.53368371164487,"{0: 11, 1: 0, 2: 0, 3: 0, 4: 0}",1
3004,False,"{'a': 0.001, 'e': 0.049588317860408}",30,16,24.91184859506168,"{0: 14, 1: 0, 2: 0, 3: 0, 4: 0}",1
3005,False,"{'a': 0.001, 'e': 0.04953875432844388}",20,9,5.220209462219954,"{0: 10, 1: 0, 2: 1, 3: 0, 4: 0}",1
3006,False,"{'a': 0.001, 'e': 0.04948924033523819}",25,11,26.15940277549896,"{0: 14, 1: 0, 2: 0, 3: 0, 4: 0}",1
3007,False,"{'a': 0.001, 'e': 0.049439775831276976}",20,10,17.653904020753984,"{0: 10, 1: 0, 2: 0, 3: 0, 4: 0}",1
3008,False,"{'a': 0.001, 'e': 0.049390360767095715}",20,10,17.717091793679586,"{0: 10, 1: 0, 2: 0, 3: 0, 4: 0}",1
3009,False,"{'a': 0.001, 'e': 0.04934099509327934}",25,20,10.562505151857376,"{0: 5, 1: 0, 2: 0, 3: 0, 4: 0}",1
3010,False,"{'a': 0.001, 'e': 0.04929167876046215}",20,0,32.62909594187558,"{0: 20, 1: 0, 2: 0, 3: 0, 4: 0}",0
3011,False,"{'a': 0.001, 'e': 0.04924241171932785}",20,13,10.333867437289724,"{0: 7, 1: 0, 2: 0, 3: 0, 4: 0}",1
3012,False,"{'a': 0.001, 'e': 0.04919319392060936}",35,21,26.75027027474483,"{0: 14, 1: 0, 2: 0, 3: 0, 4: 0}",1
3013,False,"{'a': 0.001, 'e': 0.04914402531508891}",25,10,28.768761537169926,"{0: 15, 1: 0, 2: 0, 3: 0, 4: 0}",1
3014,False,"{'a': 0.001, 'e': 0.04909490585359783}",25,15,16.72213110424906,"{0: 10, 1: 0, 2: 0, 3: 0, 4: 0}",1
3015,False,"{'a': 0.001, 'e': 0.04904583548701673}",20,15,10.69975553914744,"{0: 5, 1: 0, 2: 0, 3: 0, 4: 0}",1
3016,False,"{'a': 0.001, 'e': 0.0489968141662752}",25,15,21.440313368237366,"{0: 10, 1: 0, 2: 0, 3: 0, 4: 0}",1
3017,False,"{'a': 0.001, 'e': 0.048947841842351916}",25,11,24.151593281904542,"{0: 14, 1: 0, 2: 0, 3: 0, 4: 0}",1
3018,False,"{'a': 0.001, 'e': 0.04889891846627454}",20,9,22.008083429610043,"{0: 11, 1: 0, 2: 0, 3: 0, 4: 0}",1
3019,False,"{'a': 0.001, 'e': 0.04885004398911972}",20,12,3.366435482334165,"{0: 7, 1: 0, 2: 1, 3: 0, 4: 0}",1
3020,False,"{'a': 0.001, 'e': 0.04880121836201296}",20,11,16.10060699755131,"{0: 9, 1: 0, 2: 0, 3: 0, 4: 0}",1
3021,False,"{'a': 0.001, 'e': 0.04875244153612863}",20,2,29.15729424076477,"{0: 18, 1: 0, 2: 0, 3: 0, 4: 0}",1
3022,False,"{'a': 0.001, 'e': 0.048703713462689875}",20,16,7.179176628856435,"{0: 4, 1: 0, 2: 0, 3: 0, 4: 0}",1
3023,False,"{'a': 0.001, 'e': 0.04865503409296867}",20,14,10.910532925287916,"{0: 6, 1: 0, 2: 0, 3: 0, 4: 0}",1
3024,False,"{'a': 0.001, 'e': 0.048606403378285604}",20,10,4.783688862540643,"{0: 9, 1: 0, 2: 1, 3: 0, 4: 0}",1
3025,False,"{'a': 0.001, 'e': 0.048557821270009974}",30,13,18.513252627923666,"{0: 16, 1: 0, 2: 1, 3: 0, 4: 0}",1
3026,False,"{'a': 0.001, 'e': 0.04850928771955963}",30,12,22.99909174840989,"{0: 17, 1: 0, 2: 1, 3: 0, 4: 0}",1
3027,False,"{'a': 0.001, 'e': 0.048460802678401076}",35,21,28.411507497523342,"{0: 14, 1: 0, 2: 0, 3: 0, 4: 0}",1
3028,False,"{'a': 0.001, 'e': 0.04841236609804924}",25,5,36.319914126342546,"{0: 20, 1: 0, 2: 0, 3: 0, 4: 0}",1
3029,False,"{'a': 0.001, 'e': 0.04836397793006753}",20,8,23.424818736853723,"{0: 12, 1: 0, 2: 0, 3: 0, 4: 0}",1
3030,False,"{'a': 0.001, 'e': 0.04831563812606777}",25,16,16.86919415059129,"{0: 9, 1: 0, 2: 0, 3: 0, 4: 0}",1
3031,False,"{'a': 0.001, 'e': 0.04826734663771017}",35,17,28.931274569980033,"{0: 17, 1: 1, 2: 0, 3: 0, 4: 0}",1
3032,False,"{'a': 0.001, 'e': 0.04821910341670324}",25,17,15.117476006675693,"{0: 8, 1: 0, 2: 0, 3: 0, 4: 0}",1
3033,False,"{'a': 0.001, 'e': 0.048170908414803745}",25,14,-5.7113471934301705,"{0: 10, 1: 0, 2: 0, 3: 1, 4: 0}",1
3034,False,"{'a': 0.001, 'e': 0.048122761583816655}",20,11,16.787128848997593,"{0: 9, 1: 0, 2: 0, 3: 0, 4: 0}",1
3035,False,"{'a': 0.001, 'e': 0.04807466287559518}",20,11,-7.593670887549028,"{0: 8, 1: 0, 2: 0, 3: 1, 4: 0}",1
3036,False,"{'a': 0.001, 'e': 0.048026612242040585}",25,19,11.612959787391262,"{0: 6, 1: 0, 2: 0, 3: 0, 4: 0}",1
3037,False,"{'a': 0.001, 'e': 0.04797860963510223}",25,15,17.289501181064672,"{0: 10, 1: 0, 2: 0, 3: 0, 4: 0}",1
3038,False,"{'a': 0.001, 'e': 0.0479306550067775}",35,14,24.976715064308262,"{0: 20, 1: 0, 2: 1, 3: 0, 4: 0}",1
3039,False,"{'a': 0.001, 'e': 0.04788274830911178}",30,19,18.456167259562484,"{0: 11, 1: 0, 2: 0, 3: 0, 4: 0}",1
3040,False,"{'a': 0.001, 'e': 0.04783488949419837}",30,13,30.00566163276106,"{0: 17, 1: 0, 2: 0, 3: 0, 4: 0}",1
3041,False,"{'a': 0.001, 'e': 0.04778707851417843}",20,10,19.363981790366072,"{0: 10, 1: 0, 2: 0, 3: 0, 4: 0}",1
3042,False,"{'a': 0.001, 'e': 0.047739315321240976}",20,11,16.183712375078866,"{0: 9, 1: 0, 2: 0, 3: 0, 4: 0}",1
3043,False,"{'a': 0.001, 'e': 0.047691599867622836}",25,15,19.747217738959783,"{0: 10, 1: 0, 2: 0, 3: 0, 4: 0}",1
3044,False,"{'a': 0.001, 'e': 0.047643932105608536}",20,0,36.69007935763484,"{0: 20, 1: 0, 2: 0, 3: 0, 4: 0}",0
3045,False,"{'a': 0.001, 'e': 0.04759631198753032}",30,23,13.031277460859684,"{0: 7, 1: 0, 2: 0, 3: 0, 4: 0}",1
3046,False,"{'a': 0.001, 'e': 0.04754873946576803}",20,10,6.699897709037124,"{0: 9, 1: 0, 2: 1, 3: 0, 4: 0}",1
3047,False,"{'a': 0.001, 'e': 0.04750121449274919}",20,6,10.608586988268211,"{0: 13, 1: 0, 2: 1, 3: 0, 4: 0}",1
3048,False,"{'a': 0.001, 'e': 0.0474537370209488}",20,12,18.210578829153725,"{0: 8, 1: 0, 2: 0, 3: 0, 4: 0}",1
3049,False,"{'a': 0.001, 'e': 0.04740630700288939}",20,6,16.277121927486405,"{0: 13, 1: 0, 2: 1, 3: 0, 4: 0}",1
3050,False,"{'a': 0.001, 'e': 0.04735892439114091}",30,16,27.673044071212594,"{0: 14, 1: 0, 2: 0, 3: 0, 4: 0}",1
3051,False,"{'a': 0.001, 'e': 0.047311589138320786}",20,11,2.755794562990636,"{0: 8, 1: 0, 2: 1, 3: 0, 4: 0}",1
3052,False,"{'a': 0.001, 'e': 0.047264301197093746}",25,20,8.75991309087998,"{0: 5, 1: 0, 2: 0, 3: 0, 4: 0}",1
3053,False,"{'a': 0.001, 'e': 0.04721706052017184}",25,16,16.333053972361053,"{0: 9, 1: 0, 2: 0, 3: 0, 4: 0}",1
3054,False,"{'a': 0.001, 'e': 0.04716986706031437}",30,21,11.902549439831127,"{0: 8, 1: 1, 2: 0, 3: 0, 4: 0}",1
3055,False,"{'a': 0.001, 'e': 0.04712272077032791}",20,11,6.341416066647912,"{0: 8, 1: 1, 2: 0, 3: 0, 4: 0}",1
3056,False,"{'a': 0.001, 'e': 0.04707562160306615}",30,13,13.13650348646355,"{0: 16, 1: 0, 2: 1, 3: 0, 4: 0}",1
3057,False,"{'a': 0.001, 'e': 0.04702856951142992}",25,14,18.369198055856657,"{0: 11, 1: 0, 2: 0, 3: 0, 4: 0}",1
3058,False,"{'a': 0.001, 'e': 0.04698156444836709}",30,22,15.343883671851733,"{0: 8, 1: 0, 2: 0, 3: 0, 4: 0}",1
3059,False,"{'a': 0.001, 'e': 0.04693460636687265}",30,18,25.10576904527426,"{0: 12, 1: 0, 2: 0, 3: 0, 4: 0}",1
3060,False,"{'a': 0.001, 'e': 0.046887695219988486}",20,10,20.132343398951203,"{0: 10, 1: 0, 2: 0, 3: 0, 4: 0}",1
3061,False,"{'a': 0.001, 'e': 0.04684083096080345}",25,8,11.621497254369913,"{0: 16, 1: 0, 2: 1, 3: 0, 4: 0}",1
3062,False,"{'a': 0.001, 'e': 0.04679401354245326}",30,5,35.39651228022099,"{0: 24, 1: 0, 2: 1, 3: 0, 4: 0}",1
3063,False,"{'a': 0.001, 'e': 0.046747242918120525}",25,14,24.05095648509451,"{0: 11, 1: 0, 2: 0, 3: 0, 4: 0}",1
3064,False,"{'a': 0.001, 'e': 0.04670051904103461}",30,18,22.57132755197952,"{0: 12, 1: 0, 2: 0, 3: 0, 4: 0}",1
3065,False,"{'a': 0.001, 'e': 0.04665384186447163}",20,9,19.746781391951874,"{0: 11, 1: 0, 2: 0, 3: 0, 4: 0}",1
3066,False,"{'a': 0.001, 'e': 0.04660721134175438}",35,18,20.070223006739358,"{0: 16, 1: 0, 2: 1, 3: 0, 4: 0}",1
3067,False,"{'a': 0.001, 'e': 0.046560627426252374}",25,11,19.36202633141879,"{0: 13, 1: 1, 2: 0, 3: 0, 4: 0}",1
3068,False,"{'a': 0.001, 'e': 0.04651409007138167}",20,8,24.09725457077852,"{0: 12, 1: 0, 2: 0, 3: 0, 4: 0}",1
3069,False,"{'a': 0.001, 'e': 0.04646759923060492}",20,6,26.67463429520381,"{0: 14, 1: 0, 2: 0, 3: 0, 4: 0}",1
3070,False,"{'a': 0.001, 'e': 0.04642115485743125}",25,11,22.232632901568685,"{0: 14, 1: 0, 2: 0, 3: 0, 4: 0}",1
3071,False,"{'a': 0.001, 'e': 0.04637475690541633}",25,20,7.267824642353986,"{0: 5, 1: 0, 2: 0, 3: 0, 4: 0}",1
3072,False,"{'a': 0.001, 'e': 0.046328405328162174}",20,14,12.197696467335794,"{0: 6, 1: 0, 2: 0, 3: 0, 4: 0}",1
3073,False,"{'a': 0.001, 'e': 0.04628210007931721}",20,14,11.63078518931364,"{0: 6, 1: 0, 2: 0, 3: 0, 4: 0}",1
3074,False,"{'a': 0.001, 'e': 0.046235841112576184}",20,16,6.872531615940981,"{0: 4, 1: 0, 2: 0, 3: 0, 4: 0}",1
3075,False,"{'a': 0.001, 'e': 0.0461896283816801}",20,7,27.569975598586147,"{0: 13, 1: 0, 2: 0, 3: 0, 4: 0}",1
3076,False,"{'a': 0.001, 'e': 0.04614346184041627}",30,15,26.188909383762258,"{0: 15, 1: 0, 2: 0, 3: 0, 4: 0}",1
3077,False,"{'a': 0.001, 'e': 0.04609734144261812}",25,14,23.719992213205053,"{0: 11, 1: 0, 2: 0, 3: 0, 4: 0}",1
3078,False,"{'a': 0.001, 'e': 0.046051267142165266}",20,8,20.037755981165482,"{0: 12, 1: 0, 2: 0, 3: 0, 4: 0}",1
3079,False,"{'a': 0.001, 'e': 0.04600523889298336}",20,14,12.885522505626444,"{0: 6, 1: 0, 2: 0, 3: 0, 4: 0}",1
3080,False,"{'a': 0.001, 'e': 0.045959256649044204}",20,9,21.967031259735098,"{0: 11, 1: 0, 2: 0, 3: 0, 4: 0}",1
3081,False,"{'a': 0.001, 'e': 0.04591332036436553}",20,11,14.150537614996523,"{0: 9, 1: 0, 2: 0, 3: 0, 4: 0}",1
3082,False,"{'a': 0.001, 'e': 0.04586742999301104}",20,4,26.230701712952612,"{0: 16, 1: 0, 2: 0, 3: 0, 4: 0}",1
3083,False,"{'a': 0.001, 'e': 0.045821585489090357}",25,17,4.633205470174742,"{0: 7, 1: 1, 2: 0, 3: 0, 4: 0}",1
3084,False,"{'a': 0.001, 'e': 0.04577578680675899}",20,12,16.96279474116386,"{0: 8, 1: 0, 2: 0, 3: 0, 4: 0}",1
3085,False,"{'a': 0.001, 'e': 0.04573003390021825}",20,12,13.147417912430768,"{0: 8, 1: 0, 2: 0, 3: 0, 4: 0}",1
3086,False,"{'a': 0.001, 'e': 0.04568432672371522}",20,6,22.89012154547291,"{0: 14, 1: 0, 2: 0, 3: 0, 4: 0}",1
3087,False,"{'a': 0.001, 'e': 0.0456386652315427}",30,13,29.87776379202508,"{0: 17, 1: 0, 2: 0, 3: 0, 4: 0}",1
3088,False,"{'a': 0.001, 'e': 0.045593049378039235}",20,13,13.374001714427514,"{0: 7, 1: 0, 2: 0, 3: 0, 4: 0}",1
3089,False,"{'a': 0.001, 'e': 0.04554747911758895}",25,15,19.28947242037179,"{0: 10, 1: 0, 2: 0, 3: 0, 4: 0}",1
3090,False,"{'a': 0.001, 'e': 0.04550195440462157}",20,10,15.089688002928426,"{0: 10, 1: 0, 2: 0, 3: 0, 4: 0}",1
3091,False,"{'a': 0.001, 'e': 0.04545647519361237}",20,0,28.535933272199074,"{0: 20, 1: 0, 2: 0, 3: 0, 4: 0}",0
3092,False,"{'a': 0.001, 'e': 0.04541104143908218}",30,20,19.712988925421243,"{0: 10, 1: 0, 2: 0, 3: 0, 4: 0}",1
3093,False,"{'a': 0.001, 'e': 0.0453656530955972}",25,13,9.90388781564278,"{0: 11, 1: 0, 2: 1, 3: 0, 4: 0}",1
3094,False,"{'a': 0.001, 'e': 0.04532031011776911}",30,13,32.4501944138577,"{0: 17, 1: 0, 2: 0, 3: 0, 4: 0}",1
3095,False,"{'a': 0.001, 'e': 0.045275012460254886}",30,17,24.868356822762056,"{0: 13, 1: 0, 2: 0, 3: 0, 4: 0}",1
3096,False,"{'a': 0.001, 'e': 0.04522976007775692}",20,16,6.68336921639612,"{0: 4, 1: 0, 2: 0, 3: 0, 4: 0}",1
3097,False,"{'a': 0.001, 'e': 0.0451845529250228}",25,11,28.159911513720726,"{0: 14, 1: 0, 2: 0, 3: 0, 4: 0}",1
3098,False,"{'a': 0.001, 'e': 0.04513939095684536}",25,17,15.620433463610244,"{0: 8, 1: 0, 2: 0, 3: 0, 4: 0}",1
3099,False,"{'a': 0.001, 'e': 0.04509427412806263}",20,13,14.529887609826346,"{0: 7, 1: 0, 2: 0, 3: 0, 4: 0}",1
3100,False,"{'a': 0.001, 'e': 0.0450492023935578}",20,9,-21.125240971898137,"{0: 10, 1: 0, 2: 0, 3: 0, 4: 1}",1
3101,False,"{'a': 0.001, 'e': 0.045004175708259125}",20,16,7.661083218287137,"{0: 4, 1: 0, 2: 0, 3: 0, 4: 0}",1
3102,False,"{'a': 0.001, 'e': 0.0449591940271399}",25,15,16.173255781581876,"{0: 10, 1: 0, 2: 0, 3: 0, 4: 0}",1
3103,False,"{'a': 0.001, 'e': 0.04491425730521843}",20,12,4.249321219447218,"{0: 7, 1: 0, 2: 1, 3: 0, 4: 0}",1
3104,False,"{'a': 0.001, 'e': 0.04486936549755803}",25,18,11.881665851468457,"{0: 7, 1: 0, 2: 0, 3: 0, 4: 0}",1
3105,False,"{'a': 0.001, 'e': 0.04482451855926687}",25,11,23.47787601421525,"{0: 14, 1: 0, 2: 0, 3: 0, 4: 0}",1
3106,False,"{'a': 0.001, 'e': 0.044779716445498004}",20,10,21.565376394770283,"{0: 10, 1: 0, 2: 0, 3: 0, 4: 0}",1
3107,False,"{'a': 0.001, 'e': 0.04473495911144929}",20,8,23.53435750139291,"{0: 12, 1: 0, 2: 0, 3: 0, 4: 0}",1
3108,False,"{'a': 0.001, 'e': 0.04469024651236344}",20,16,7.056716741045892,"{0: 4, 1: 0, 2: 0, 3: 0, 4: 0}",1
3109,False,"{'a': 0.001, 'e': 0.04464557860352782}",20,3,-12.311799508233811,"{0: 16, 1: 0, 2: 0, 3: 0, 4: 1}",1
3110,False,"{'a': 0.001, 'e': 0.044600955340274535}",35,21,28.5459003676577,"{0: 14, 1: 0, 2: 0, 3: 0, 4: 0}",1
3111,False,"{'a': 0.001, 'e': 0.04455637667798028}",20,11,16.975724792038804,"{0: 9, 1: 0, 2: 0, 3: 0, 4: 0}",1
3112,False,"{'a': 0.001, 'e': 0.04451184257206644}",20,2,29.00597328162639,"{0: 18, 1: 0, 2: 0, 3: 0, 4: 0}",1
3113,False,"{'a': 0.001, 'e': 0.04446735297799888}",30,16,25.941711108624855,"{0: 14, 1: 0, 2: 0, 3: 0, 4: 0}",1
3114,False,"{'a': 0.001, 'e': 0.044422907851287996}",25,12,26.572328831939966,"{0: 13, 1: 0, 2: 0, 3: 0, 4: 0}",1
3115,False,"{'a': 0.001, 'e': 0.04437850714748865}",25,13,20.03634516469206,"{0: 12, 1: 0, 2: 0, 3: 0, 4: 0}",1
3116,False,"{'a': 0.001, 'e': 0.04433415082220017}",20,6,21.58238001048315,"{0: 14, 1: 0, 2: 0, 3: 0, 4: 0}",1
3117,False,"{'a': 0.001, 'e': 0.044289838831066214}",25,19,12.542720190008383,"{0: 6, 1: 0, 2: 0, 3: 0, 4: 0}",1
3118,False,"{'a': 0.001, 'e': 0.04424557112977477}",20,13,12.938427237113746,"{0: 7, 1: 0, 2: 0, 3: 0, 4: 0}",1
3119,False,"{'a': 0.001, 'e': 0.04420134767405813}",25,8,30.714387608377677,"{0: 17, 1: 0, 2: 0, 3: 0, 4: 0}",1
3120,False,"{'a': 0.001, 'e': 0.04415716841969286}",20,13,10.442486828320543,"{0: 7, 1: 0, 2: 0, 3: 0, 4: 0}",1
3121,False,"{'a': 0.001, 'e': 0.044113033322499696}",25,16,5.929710029793561,"{0: 8, 1: 0, 2: 1, 3: 0, 4: 0}",1
3122,False,"{'a': 0.001, 'e': 0.04406894233834353}",20,11,16.659605057006967,"{0: 9, 1: 0, 2: 0, 3: 0, 4: 0}",1
3123,False,"{'a': 0.001, 'e': 0.04402489542313335}",25,9,27.005588591003956,"{0: 16, 1: 0, 2: 0, 3: 0, 4: 0}",1
3124,False,"{'a': 0.001, 'e': 0.04398089253282229}",20,4,25.583322593733634,"{0: 16, 1: 0, 2: 0, 3: 0, 4: 0}",1
3125,False,"{'a': 0.001, 'e': 0.04393693362340742}",30,15,23.19752179909285,"{0: 15, 1: 0, 2: 0, 3: 0, 4: 0}",1
3126,False,"{'a': 0.001, 'e': 0.04389301865092984}",25,13,23.66874032367587,"{0: 12, 1: 0, 2: 0, 3: 0, 4: 0}",1
3127,False,"{'a': 0.001, 'e': 0.04384914757147454}",25,11,22.442952841840018,"{0: 14, 1: 0, 2: 0, 3: 0, 4: 0}",1
3128,False,"{'a': 0.001, 'e': 0.04380532034117049}",20,6,27.40443430437498,"{0: 14, 1: 0, 2: 0, 3: 0, 4: 0}",1
3129,False,"{'a': 0.001, 'e': 0.04376153691619043}",20,16,8.016666858306865,"{0: 4, 1: 0, 2: 0, 3: 0, 4: 0}",1
3130,False,"{'a': 0.001, 'e': 0.04371779725275094}",30,17,24.572686833624264,"{0: 13, 1: 0, 2: 0, 3: 0, 4: 0}",1
3131,False,"{'a': 0.001, 'e': 0.04367410130711232}",25,14,20.983275181651223,"{0: 11, 1: 0, 2: 0, 3: 0, 4: 0}",1
3132,False,"{'a': 0.001, 'e': 0.043630449035578674}",20,10,8.443858734673166,"{0: 9, 1: 0, 2: 1, 3: 0, 4: 0}",1
3133,False,"{'a': 0.001, 'e': 0.04358684039449769}",25,18,9.198592121641793,"{0: 6, 1: 1, 2: 0, 3: 0, 4: 0}",1
3134,False,"{'a': 0.001, 'e': 0.04354327534026074}",30,19,10.15436170979177,"{0: 10, 1: 1, 2: 0, 3: 0, 4: 0}",1
3135,False,"{'a': 0.001, 'e': 0.04349975382930273}",25,16,17.792683167943963,"{0: 9, 1: 0, 2: 0, 3: 0, 4: 0}",1
3136,False,"{'a': 0.001, 'e': 0.04345627581810221}",30,14,25.529249078693606,"{0: 16, 1: 0, 2: 0, 3: 0, 4: 0}",1
3137,False,"{'a': 0.001, 'e': 0.043412841263181116}",30,19,22.41418863638094,"{0: 11, 1: 0, 2: 0, 3: 0, 4: 0}",1
3138,False,"{'a': 0.001, 'e': 0.04336945012110491}",25,15,6.753627139130835,"{0: 9, 1: 0, 2: 1, 3: 0, 4: 0}",1
3139,False,"{'a': 0.001, 'e': 0.04332610234848241}",25,13,24.072456068361465,"{0: 12, 1: 0, 2: 0, 3: 0, 4: 0}",1
3140,False,"{'a': 0.001, 'e': 0.043282797901965896}",25,7,31.59402112026445,"{0: 18, 1: 0, 2: 0, 3: 0, 4: 0}",1
3141,False,"{'a': 0.001, 'e': 0.043239536738250886}",20,9,21.174204215145693,"{0: 11, 1: 0, 2: 0, 3: 0, 4: 0}",1
3142,False,"{'a': 0.001, 'e': 0.04319631881407622}",20,12,17.192612327559893,"{0: 8, 1: 0, 2: 0, 3: 0, 4: 0}",1
3143,False,"{'a': 0.001, 'e': 0.043153144086223956}",20,6,22.308099752031808,"{0: 14, 1: 0, 2: 0, 3: 0, 4: 0}",1
3144,False,"{'a': 0.001, 'e': 0.043110012511519386}",25,17,13.208738552190638,"{0: 8, 1: 0, 2: 0, 3: 0, 4: 0}",1
3145,False,"{'a': 0.001, 'e': 0.04306692404683092}",20,16,6.455679990767571,"{0: 4, 1: 0, 2: 0, 3: 0, 4: 0}",1
3146,False,"{'a': 0.001, 'e': 0.04302387864907009}",20,7,22.863854439765078,"{0: 13, 1: 0, 2: 0, 3: 0, 4: 0}",1
3147,False,"{'a': 0.001, 'e': 0.042980876275191475}",30,18,24.57658257839789,"{0: 12, 1: 0, 2: 0, 3: 0, 4: 0}",1
3148,False,"{'a': 0.001, 'e': 0.042937916882192735}",20,10,17.190091729795725,"{0: 10, 1: 0, 2: 0, 3: 0, 4: 0}",1
3149,False,"{'a': 0.001, 'e': 0.04289500042711446}",20,8,11.704314603745926,"{0: 11, 1: 0, 2: 1, 3: 0, 4: 0}",1
3150,False,"{'a': 0.001, 'e': 0.04285212686704019}",35,24,7.350793372431682,"{0: 10, 1: 0, 2: 1, 3: 0, 4: 0}",1
3151,False,"{'a': 0.001, 'e': 0.04280929615909633}",20,13,12.772851480038092,"{0: 7, 1: 0, 2: 0, 3: 0, 4: 0}",1
3152,False,"{'a': 0.001, 'e': 0.04276650826045222}",30,16,29.398654021239604,"{0: 14, 1: 0, 2: 0, 3: 0, 4: 0}",1
3153,False,"{'a': 0.001, 'e': 0.04272376312831993}",20,13,15.021016860961087,"{0: 7, 1: 0, 2: 0, 3: 0, 4: 0}",1
3154,False,"{'a': 0.001, 'e': 0.04268106071995433}",20,8,22.77956358996635,"{0: 12, 1: 0, 2: 0, 3: 0, 4: 0}",1
3155,False,"{'a': 0.001, 'e': 0.04263840099265299}",35,25,19.154076107797366,"{0: 10, 1: 0, 2: 0, 3: 0, 4: 0}",1
3156,False,"{'a': 0.001, 'e': 0.042595783903756214}",20,9,16.050846494937176,"{0: 11, 1: 0, 2: 0, 3: 0, 4: 0}",1
3157,False,"{'a': 0.001, 'e': 0.04255320941064689}",25,2,37.059725916211065,"{0: 23, 1: 0, 2: 0, 3: 0, 4: 0}",1
3158,False,"{'a': 0.001, 'e': 0.042510677470750526}",30,13,30.27166077380416,"{0: 17, 1: 0, 2: 0, 3: 0, 4: 0}",1
3159,False,"{'a': 0.001, 'e': 0.042468188041535154}",20,16,6.946100158988639,"{0: 4, 1: 0, 2: 0, 3: 0, 4: 0}",1
3160,False,"{'a': 0.001, 'e': 0.042425741080511385}",20,10,16.458061119542045,"{0: 10, 1: 0, 2: 0, 3: 0, 4: 0}",1
3161,False,"{'a': 0.001, 'e': 0.04238333654523223}",30,16,22.391172578046387,"{0: 14, 1: 0, 2: 0, 3: 0, 4: 0}",1
3162,False,"{'a': 0.001, 'e': 0.042340974393293145}",20,14,-2.419357057568358,"{0: 5, 1: 0, 2: 1, 3: 0, 4: 0}",1
3163,False,"{'a': 0.001, 'e': 0.04229865458233197}",20,14,9.568894694490522,"{0: 6, 1: 0, 2: 0, 3: 0, 4: 0}",1
3164,False,"{'a': 0.001, 'e': 0.042256377070028925}",30,17,24.07900940818497,"{0: 13, 1: 0, 2: 0, 3: 0, 4: 0}",1
3165,False,"{'a': 0.001, 'e': 0.042214141814106466}",20,13,13.232054324904446,"{0: 7, 1: 0, 2: 0, 3: 0, 4: 0}",1
3166,False,"{'a': 0.001, 'e': 0.04217194877232933}",25,15,19.729724097194357,"{0: 10, 1: 0, 2: 0, 3: 0, 4: 0}",1
3167,False,"{'a': 0.001, 'e': 0.04212979790250448}",25,14,1.8181131898219798,"{0: 9, 1: 1, 2: 1, 3: 0, 4: 0}",1
3168,False,"{'a': 0.001, 'e': 0.042087689162481054}",20,12,-26.267214694495458,"{0: 7, 1: 0, 2: 0, 3: 0, 4: 1}",1
3169,False,"{'a': 0.001, 'e': 0.042045622510150295}",25,8,29.563435407514593,"{0: 17, 1: 0, 2: 0, 3: 0, 4: 0}",1
3170,False,"{'a': 0.001, 'e': 0.04200359790344555}",20,12,17.284757103807255,"{0: 8, 1: 0, 2: 0, 3: 0, 4: 0}",1
3171,False,"{'a': 0.001, 'e': 0.041961615300342196}",30,23,14.711446462359065,"{0: 7, 1: 0, 2: 0, 3: 0, 4: 0}",1
3172,False,"{'a': 0.001, 'e': 0.04191967465885765}",20,12,14.065678461852283,"{0: 8, 1: 0, 2: 0, 3: 0, 4: 0}",1
3173,False,"{'a': 0.001, 'e': 0.04187777593705126}",25,19,5.860870248538684,"{0: 5, 1: 1, 2: 0, 3: 0, 4: 0}",1
3174,False,"{'a': 0.001, 'e': 0.0418359190930243}",25,12,24.46714841179015,"{0: 13, 1: 0, 2: 0, 3: 0, 4: 0}",1
3175,False,"{'a': 0.001, 'e': 0.041794104084919896}",20,12,16.825723204336995,"{0: 8, 1: 0, 2: 0, 3: 0, 4: 0}",1
3176,False,"{'a': 0.001, 'e': 0.04175233087092308}",30,13,30.23427692124657,"{0: 17, 1: 0, 2: 0, 3: 0, 4: 0}",1
3177,False,"{'a': 0.001, 'e': 0.04171059940926062}",25,8,-36.41331449138008,"{0: 14, 1: 1, 2: 0, 3: 1, 4: 1}",1
3178,False,"{'a': 0.001, 'e': 0.04166890965820104}",25,10,22.862985381369693,"{0: 15, 1: 0, 2: 0, 3: 0, 4: 0}",1
3179,False,"{'a': 0.001, 'e': 0.04162726157605457}",25,12,14.996621310308978,"{0: 12, 1: 0, 2: 1, 3: 0, 4: 0}",1
3180,False,"{'a': 0.001, 'e': 0.04158565512117316}",25,16,-5.388892330212737,"{0: 8, 1: 0, 2: 0, 3: 1, 4: 0}",1
3181,False,"{'a': 0.001, 'e': 0.04154409025195034}",25,12,25.735585771084697,"{0: 13, 1: 0, 2: 0, 3: 0, 4: 0}",1
3182,False,"{'a': 0.001, 'e': 0.04150256692682124}",20,15,10.649429344794086,"{0: 5, 1: 0, 2: 0, 3: 0, 4: 0}",1
3183,False,"{'a': 0.001, 'e': 0.0414610851042625}",30,11,-1.4314559919697867,"{0: 17, 1: 0, 2: 1, 3: 1, 4: 0}",1
3184,False,"{'a': 0.001, 'e': 0.04141964474279235}",20,14,11.662184601850065,"{0: 6, 1: 0, 2: 0, 3: 0, 4: 0}",1
3185,False,"{'a': 0.001, 'e': 0.04137824580097038}",20,16,7.6535735064909485,"{0: 4, 1: 0, 2: 0, 3: 0, 4: 0}",1
3186,False,"{'a': 0.001, 'e': 0.041336888237397666}",20,0,36.29934828573444,"{0: 20, 1: 0, 2: 0, 3: 0, 4: 0}",0
3187,False,"{'a': 0.001, 'e': 0.04129557201071661}",25,11,25.69270214800489,"{0: 14, 1: 0, 2: 0, 3: 0, 4: 0}",1
3188,False,"{'a': 0.001, 'e': 0.04125429707961103}",25,13,20.5917009689407,"{0: 12, 1: 0, 2: 0, 3: 0, 4: 0}",1
3189,False,"{'a': 0.001, 'e': 0.04121306340280596}",20,8,10.086665274676367,"{0: 11, 1: 0, 2: 1, 3: 0, 4: 0}",1
3190,False,"{'a': 0.001, 'e': 0.04117187093906774}",25,14,-24.216858912928572,"{0: 10, 1: 0, 2: 0, 3: 0, 4: 1}",1
3191,False,"{'a': 0.001, 'e': 0.04113071964720386}",20,7,26.451114416228386,"{0: 13, 1: 0, 2: 0, 3: 0, 4: 0}",1
3192,False,"{'a': 0.001, 'e': 0.04108960948606308}",20,9,11.042295194495091,"{0: 10, 1: 0, 2: 1, 3: 0, 4: 0}",1
3193,False,"{'a': 0.001, 'e': 0.041048540414535206}",20,14,9.00182471454059,"{0: 6, 1: 0, 2: 0, 3: 0, 4: 0}",1
3194,False,"{'a': 0.001, 'e': 0.04100751239155117}",25,11,-18.356997249129794,"{0: 13, 1: 0, 2: 0, 3: 0, 4: 1}",1
3195,False,"{'a': 0.001, 'e': 0.040966525376082925}",20,12,15.638359850716757,"{0: 8, 1: 0, 2: 0, 3: 0, 4: 0}",1
3196,False,"{'a': 0.001, 'e': 0.04092557932714349}",30,15,26.70342506416859,"{0: 15, 1: 0, 2: 0, 3: 0, 4: 0}",1
3197,False,"{'a': 0.001, 'e': 0.04088467420378679}",25,16,17.3522057830364,"{0: 9, 1: 0, 2: 0, 3: 0, 4: 0}",1
3198,False,"{'a': 0.001, 'e': 0.0408438099651077}",25,14,18.281559018201662,"{0: 11, 1: 0, 2: 0, 3: 0, 4: 0}",1
3199,False,"{'a': 0.001, 'e': 0.04080298657024196}",25,19,9.422381477982384,"{0: 6, 1: 0, 2: 0, 3: 0, 4: 0}",1
3200,False,"{'a': 0.001, 'e': 0.04076220397836621}",20,0,29.8348010346731,"{0: 20, 1: 0, 2: 0, 3: 0, 4: 0}",0
3201,False,"{'a': 0.001, 'e': 0.04072146214869783}",20,16,7.130215212437573,"{0: 4, 1: 0, 2: 0, 3: 0, 4: 0}",1
3202,False,"{'a': 0.001, 'e': 0.040680761040495}",25,11,28.150286730562616,"{0: 14, 1: 0, 2: 0, 3: 0, 4: 0}",1
3203,False,"{'a': 0.001, 'e': 0.0406401006130566}",25,20,10.926004083900478,"{0: 5, 1: 0, 2: 0, 3: 0, 4: 0}",1
3204,False,"{'a': 0.001, 'e': 0.04059948082572218}",20,12,13.035574718199658,"{0: 8, 1: 0, 2: 0, 3: 0, 4: 0}",1
3205,False,"{'a': 0.001, 'e': 0.040558901637871986}",25,9,17.467582435466742,"{0: 15, 1: 0, 2: 1, 3: 0, 4: 0}",1
3206,False,"{'a': 0.001, 'e': 0.040518363008926805}",20,3,21.13476068719215,"{0: 16, 1: 0, 2: 1, 3: 0, 4: 0}",1
3207,False,"{'a': 0.001, 'e': 0.040477864898348016}",20,9,22.0609745107042,"{0: 11, 1: 0, 2: 0, 3: 0, 4: 0}",1
3208,False,"{'a': 0.001, 'e': 0.04043740726563748}",20,10,18.535107938990286,"{0: 10, 1: 0, 2: 0, 3: 0, 4: 0}",1
3209,False,"{'a': 0.001, 'e': 0.0403969900703376}",20,13,14.194796120043842,"{0: 7, 1: 0, 2: 0, 3: 0, 4: 0}",1
3210,False,"{'a': 0.001, 'e': 0.04035661327203115}",20,0,27.955421511205095,"{0: 20, 1: 0, 2: 0, 3: 0, 4: 0}",0
3211,False,"{'a': 0.001, 'e': 0.040316276830341335}",20,15,6.600442603653104,"{0: 5, 1: 0, 2: 0, 3: 0, 4: 0}",1
3212,False,"{'a': 0.001, 'e': 0.0402759807049317}",35,25,19.171752169743,"{0: 10, 1: 0, 2: 0, 3: 0, 4: 0}",1
3213,False,"{'a': 0.001, 'e': 0.04023572485550614}",25,7,28.16322378381346,"{0: 18, 1: 0, 2: 0, 3: 0, 4: 0}",1
3214,False,"{'a': 0.001, 'e': 0.040195509241808786}",25,13,20.705383241174353,"{0: 12, 1: 0, 2: 0, 3: 0, 4: 0}",1
3215,False,"{'a': 0.001, 'e': 0.040155333823624025}",25,18,12.29783963331777,"{0: 7, 1: 0, 2: 0, 3: 0, 4: 0}",1
3216,False,"{'a': 0.001, 'e': 0.040115198560776416}",30,16,26.42322409782354,"{0: 14, 1: 0, 2: 0, 3: 0, 4: 0}",1
3217,False,"{'a': 0.001, 'e': 0.04007510341313073}",20,8,4.433443501159529,"{0: 11, 1: 0, 2: 0, 3: 1, 4: 0}",1
3218,False,"{'a': 0.001, 'e': 0.040035048340591795}",35,18,32.77522819075017,"{0: 17, 1: 0, 2: 0, 3: 0, 4: 0}",1
3219,False,"{'a': 0.001, 'e': 0.03999503330310454}",20,13,2.3820757544530378,"{0: 6, 1: 0, 2: 1, 3: 0, 4: 0}",1
3220,False,"{'a': 0.001, 'e': 0.039955058260653896}",20,12,13.578674804766154,"{0: 8, 1: 0, 2: 0, 3: 0, 4: 0}",1
3221,False,"{'a': 0.001, 'e': 0.03991512317326487}",25,3,37.32946896247135,"{0: 22, 1: 0, 2: 0, 3: 0, 4: 0}",1
3222,False,"{'a': 0.001, 'e': 0.039875228001002336}",20,6,24.848923143296908,"{0: 14, 1: 0, 2: 0, 3: 0, 4: 0}",1
3223,False,"{'a': 0.001, 'e': 0.03983537270397113}",20,14,11.464516943055967,"{0: 6, 1: 0, 2: 0, 3: 0, 4: 0}",1
3224,False,"{'a': 0.001, 'e': 0.039795557242315927}",30,22,15.597330960358363,"{0: 8, 1: 0, 2: 0, 3: 0, 4: 0}",1
3225,False,"{'a': 0.001, 'e': 0.039755781576221304}",25,11,20.94832128873329,"{0: 13, 1: 1, 2: 0, 3: 0, 4: 0}",1
3226,False,"{'a': 0.001, 'e': 0.03971604566591157}",20,9,21.78027691276339,"{0: 11, 1: 0, 2: 0, 3: 0, 4: 0}",1
3227,False,"{'a': 0.001, 'e': 0.0396763494716508}",30,14,29.931227579690265,"{0: 16, 1: 0, 2: 0, 3: 0, 4: 0}",1
3228,False,"{'a': 0.001, 'e': 0.0396366929537428}",30,16,28.69388926766251,"{0: 14, 1: 0, 2: 0, 3: 0, 4: 0}",1
3229,False,"{'a': 0.001, 'e': 0.03959707607253108}",20,3,23.921100606408732,"{0: 17, 1: 0, 2: 0, 3: 0, 4: 0}",1
3230,False,"{'a': 0.001, 'e': 0.039557498788398725}",20,10,16.198019703465512,"{0: 10, 1: 0, 2: 0, 3: 0, 4: 0}",1
3231,False,"{'a': 0.001, 'e': 0.039517961061768456}",20,3,28.26792029226329,"{0: 17, 1: 0, 2: 0, 3: 0, 4: 0}",1
3232,False,"{'a': 0.001, 'e': 0.039478462853102525}",25,19,13.773300715105988,"{0: 6, 1: 0, 2: 0, 3: 0, 4: 0}",1
3233,False,"{'a': 0.001, 'e': 0.03943900412290276}",20,13,12.378512783539394,"{0: 7, 1: 0, 2: 0, 3: 0, 4: 0}",1
3234,False,"{'a': 0.001, 'e': 0.03939958483171039}",25,20,9.406258101493146,"{0: 5, 1: 0, 2: 0, 3: 0, 4: 0}",1
3235,False,"{'a': 0.001, 'e': 0.03936020494010615}",30,16,27.215756841979584,"{0: 14, 1: 0, 2: 0, 3: 0, 4: 0}",1
3236,False,"{'a': 0.001, 'e': 0.039320864408710104}",20,14,-2.075595053069957,"{0: 5, 1: 0, 2: 1, 3: 0, 4: 0}",1
3237,False,"{'a': 0.001, 'e': 0.03928156319818176}",20,12,14.493324675344898,"{0: 8, 1: 0, 2: 0, 3: 0, 4: 0}",1
3238,False,"{'a': 0.001, 'e': 0.03924230126921989}",25,6,31.897795976198612,"{0: 19, 1: 0, 2: 0, 3: 0, 4: 0}",1
3239,False,"{'a': 0.001, 'e': 0.03920307858256256}",25,2,37.824334045512806,"{0: 23, 1: 0, 2: 0, 3: 0, 4: 0}",1
3240,False,"{'a': 0.001, 'e': 0.039163895098987066}",25,7,20.414988449185444,"{0: 17, 1: 0, 2: 1, 3: 0, 4: 0}",1
3241,False,"{'a': 0.001, 'e': 0.03912475077930995}",25,20,7.387954806852186,"{0: 5, 1: 0, 2: 0, 3: 0, 4: 0}",1
3242,False,"{'a': 0.001, 'e': 0.03908564558438687}",30,12,30.27699536047088,"{0: 18, 1: 0, 2: 0, 3: 0, 4: 0}",1
3243,False,"{'a': 0.001, 'e': 0.039046579475112635}",30,15,21.490373323445255,"{0: 15, 1: 0, 2: 0, 3: 0, 4: 0}",1
3244,False,"{'a': 0.001, 'e': 0.03900755241242111}",30,19,21.887057606928266,"{0: 11, 1: 0, 2: 0, 3: 0, 4: 0}",1
3245,False,"{'a': 0.001, 'e': 0.03896856435728526}",20,9,19.7190377210026,"{0: 11, 1: 0, 2: 0, 3: 0, 4: 0}",1
3246,False,"{'a': 0.001, 'e': 0.038929615270717026}",25,14,10.109349388750953,"{0: 10, 1: 0, 2: 1, 3: 0, 4: 0}",1
3247,False,"{'a': 0.001, 'e': 0.0388907051137673}",35,17,34.49558615145371,"{0: 18, 1: 0, 2: 0, 3: 0, 4: 0}",1
3248,False,"{'a': 0.001, 'e': 0.03885183384752591}",25,10,25.37239618318103,"{0: 15, 1: 0, 2: 0, 3: 0, 4: 0}",1
3249,False,"{'a': 0.001, 'e': 0.03881300143312163}",25,6,32.13601819020375,"{0: 19, 1: 0, 2: 0, 3: 0, 4: 0}",1
3250,False,"{'a': 0.001, 'e': 0.03877420783172201}",25,3,26.432706930367253,"{0: 21, 1: 0, 2: 1, 3: 0, 4: 0}",1
3251,False,"{'a': 0.001, 'e': 0.03873545300453345}",25,20,10.179827977792085,"{0: 5, 1: 0, 2: 0, 3: 0, 4: 0}",1
3252,False,"{'a': 0.001, 'e': 0.038696736912801115}",30,15,26.217808320204583,"{0: 15, 1: 0, 2: 0, 3: 0, 4: 0}",1
3253,False,"{'a': 0.001, 'e': 0.03865805951780893}",25,15,24.225575170005605,"{0: 10, 1: 0, 2: 0, 3: 0, 4: 0}",1
3254,False,"{'a': 0.001, 'e': 0.03861942078087949}",20,12,15.02177784994111,"{0: 8, 1: 0, 2: 0, 3: 0, 4: 0}",1
3255,False,"{'a': 0.001, 'e': 0.03858082066337404}",20,8,-0.20685027177062265,"{0: 11, 1: 0, 2: 0, 3: 1, 4: 0}",1
3256,False,"{'a': 0.001, 'e': 0.03854225912669246}",20,8,-2.5966717452657164,"{0: 11, 1: 0, 2: 0, 3: 1, 4: 0}",1
3257,False,"{'a': 0.001, 'e': 0.038503736132273224}",30,19,21.31729296930901,"{0: 11, 1: 0, 2: 0, 3: 0, 4: 0}",1
3258,False,"{'a': 0.001, 'e': 0.03846525164159334}",20,16,6.49587078268117,"{0: 4, 1: 0, 2: 0, 3: 0, 4: 0}",1
3259,False,"{'a': 0.001, 'e': 0.0384268056161683}",35,10,26.262972257707766,"{0: 23, 1: 0, 2: 2, 3: 0, 4: 0}",1
3260,False,"{'a': 0.001, 'e': 0.038388398017552054}",25,16,16.33654097259582,"{0: 9, 1: 0, 2: 0, 3: 0, 4: 0}",1
3261,False,"{'a': 0.001, 'e': 0.03835002880733705}",20,13,12.84828355167204,"{0: 7, 1: 0, 2: 0, 3: 0, 4: 0}",1
3262,False,"{'a': 0.001, 'e': 0.03831169794715405}",20,13,14.390086253453363,"{0: 7, 1: 0, 2: 0, 3: 0, 4: 0}",1
3263,False,"{'a': 0.001, 'e': 0.03827340539867218}",20,2,25.36915722600681,"{0: 18, 1: 0, 2: 0, 3: 0, 4: 0}",1
3264,False,"{'a': 0.001, 'e': 0.03823515112359889}",25,20,9.01490022923872,"{0: 5, 1: 0, 2: 0, 3: 0, 4: 0}",1
3265,False,"{'a': 0.001, 'e': 0.038196935083679925}",25,13,-4.457041016945448,"{0: 11, 1: 0, 2: 0, 3: 1, 4: 0}",1
3266,False,"{'a': 0.001, 'e': 0.038158757240699226}",20,7,26.223359958558504,"{0: 13, 1: 0, 2: 0, 3: 0, 4: 0}",1
3267,False,"{'a': 0.001, 'e': 0.03812061755647895}",20,13,13.856412654277946,"{0: 7, 1: 0, 2: 0, 3: 0, 4: 0}",1
3268,False,"{'a': 0.001, 'e': 0.03808251599287939}",20,12,17.706559111667765,"{0: 8, 1: 0, 2: 0, 3: 0, 4: 0}",1
3269,False,"{'a': 0.001, 'e': 0.03804445251179901}",30,22,14.146809113614117,"{0: 8, 1: 0, 2: 0, 3: 0, 4: 0}",1
3270,False,"{'a': 0.001, 'e': 0.038006427075174314}",20,13,14.38038537038283,"{0: 7, 1: 0, 2: 0, 3: 0, 4: 0}",1
3271,False,"{'a': 0.001, 'e': 0.03796843964497986}",20,0,33.389695328436865,"{0: 20, 1: 0, 2: 0, 3: 0, 4: 0}",1
3272,False,"{'a': 0.001, 'e': 0.0379304901832282}",30,16,25.700437581046533,"{0: 14, 1: 0, 2: 0, 3: 0, 4: 0}",1
3273,False,"{'a': 0.001, 'e': 0.0378925786519699}",30,16,25.7906190308665,"{0: 14, 1: 0, 2: 0, 3: 0, 4: 0}",1
3274,False,"{'a': 0.001, 'e': 0.03785470501329341}",25,18,14.371270456693564,"{0: 7, 1: 0, 2: 0, 3: 0, 4: 0}",1
3275,False,"{'a': 0.001, 'e': 0.03781686922932508}",20,10,22.09885101400694,"{0: 10, 1: 0, 2: 0, 3: 0, 4: 0}",1
3276,False,"{'a': 0.001, 'e': 0.037779071262229125}",30,20,19.446501476170365,"{0: 10, 1: 0, 2: 0, 3: 0, 4: 0}",1
3277,False,"{'a': 0.001, 'e': 0.03774131107420759}",20,6,22.83136653953037,"{0: 14, 1: 0, 2: 0, 3: 0, 4: 0}",1
3278,False,"{'a': 0.001, 'e': 0.037703588627500284}",20,16,6.0434967895185245,"{0: 4, 1: 0, 2: 0, 3: 0, 4: 0}",1
3279,False,"{'a': 0.001, 'e': 0.03766590388438474}",20,8,20.607753085717555,"{0: 12, 1: 0, 2: 0, 3: 0, 4: 0}",1
3280,False,"{'a': 0.001, 'e': 0.0376282568071762}",20,16,7.165619850248831,"{0: 4, 1: 0, 2: 0, 3: 0, 4: 0}",1
3281,False,"{'a': 0.001, 'e': 0.037590647358227626}",25,9,31.656193003459215,"{0: 16, 1: 0, 2: 0, 3: 0, 4: 0}",1
3282,False,"{'a': 0.001, 'e': 0.03755307549992954}",20,12,17.10768898842175,"{0: 8, 1: 0, 2: 0, 3: 0, 4: 0}",1
3283,False,"{'a': 0.001, 'e': 0.03751554119471008}",35,18,30.406276987020792,"{0: 17, 1: 0, 2: 0, 3: 0, 4: 0}",1
3284,False,"{'a': 0.001, 'e': 0.03747804440503493}",30,15,16.633929317164736,"{0: 14, 1: 0, 2: 1, 3: 0, 4: 0}",1
3285,False,"{'a': 0.001, 'e': 0.03744058509340732}",30,15,26.480685337695192,"{0: 15, 1: 0, 2: 0, 3: 0, 4: 0}",1
3286,False,"{'a': 0.001, 'e': 0.037403163222367926}",25,16,16.269955193405156,"{0: 9, 1: 0, 2: 0, 3: 0, 4: 0}",1
3287,False,"{'a': 0.001, 'e': 0.03736577875449487}",25,15,19.15315034473012,"{0: 10, 1: 0, 2: 0, 3: 0, 4: 0}",1
3288,False,"{'a': 0.001, 'e': 0.03732843165240367}",25,11,11.424792333542243,"{0: 13, 1: 0, 2: 1, 3: 0, 4: 0}",1
3289,False,"{'a': 0.001, 'e': 0.037291121878747245}",20,14,13.351074729772883,"{0: 6, 1: 0, 2: 0, 3: 0, 4: 0}",1
3290,False,"{'a': 0.001, 'e': 0.03725384939621581}",30,19,10.183829936592064,"{0: 10, 1: 0, 2: 1, 3: 0, 4: 0}",1
3291,False,"{'a': 0.001, 'e': 0.03721661416753687}",20,16,8.6869280966068,"{0: 4, 1: 0, 2: 0, 3: 0, 4: 0}",1
3292,False,"{'a': 0.001, 'e': 0.03717941615547519}",20,6,28.55799339332252,"{0: 14, 1: 0, 2: 0, 3: 0, 4: 0}",1
3293,False,"{'a': 0.001, 'e': 0.03714225532283277}",20,13,15.478671561957373,"{0: 7, 1: 0, 2: 0, 3: 0, 4: 0}",1
3294,False,"{'a': 0.001, 'e': 0.03710513163244877}",30,16,29.25775721313444,"{0: 14, 1: 0, 2: 0, 3: 0, 4: 0}",1
3295,False,"{'a': 0.001, 'e': 0.0370680450471995}",25,9,-14.748452270375086,"{0: 15, 1: 0, 2: 0, 3: 0, 4: 1}",1
3296,False,"{'a': 0.001, 'e': 0.037030995529998355}",25,19,13.569366592150484,"{0: 6, 1: 0, 2: 0, 3: 0, 4: 0}",1
3297,False,"{'a': 0.001, 'e': 0.036993983043795836}",35,23,25.077783989394362,"{0: 12, 1: 0, 2: 0, 3: 0, 4: 0}",1
3298,False,"{'a': 0.001, 'e': 0.03695700755157944}",20,6,26.589600168372012,"{0: 14, 1: 0, 2: 0, 3: 0, 4: 0}",1
3299,False,"{'a': 0.001, 'e': 0.03692006901637368}",20,12,14.407487969577488,"{0: 8, 1: 0, 2: 0, 3: 0, 4: 0}",1
3300,False,"{'a': 0.001, 'e': 0.036883167401239994}",30,21,16.349099598052256,"{0: 9, 1: 0, 2: 0, 3: 0, 4: 0}",1
3301,False,"{'a': 0.001, 'e': 0.036846302669276805}",20,2,29.52232366199265,"{0: 18, 1: 0, 2: 0, 3: 0, 4: 0}",1
3302,False,"{'a': 0.001, 'e': 0.03680947478361935}",35,16,36.03749780173216,"{0: 19, 1: 0, 2: 0, 3: 0, 4: 0}",1
3303,False,"{'a': 0.001, 'e': 0.036772683707439746}",25,7,26.496356281262514,"{0: 17, 1: 1, 2: 0, 3: 0, 4: 0}",1
3304,False,"{'a': 0.001, 'e': 0.0367359294039469}",30,10,36.66548669699625,"{0: 20, 1: 0, 2: 0, 3: 0, 4: 0}",1
3305,False,"{'a': 0.001, 'e': 0.03669921183638653}",25,3,37.89166253303217,"{0: 22, 1: 0, 2: 0, 3: 0, 4: 0}",1
3306,False,"{'a': 0.001, 'e': 0.03666253096804106}",20,10,16.560270252356332,"{0: 10, 1: 0, 2: 0, 3: 0, 4: 0}",1
3307,False,"{'a': 0.001, 'e': 0.036625886762229616}",25,13,15.093642590176469,"{0: 11, 1: 0, 2: 1, 3: 0, 4: 0}",1
3308,False,"{'a': 0.001, 'e': 0.03658927918230796}",20,6,26.149991853435242,"{0: 14, 1: 0, 2: 0, 3: 0, 4: 0}",1
3309,False,"{'a': 0.001, 'e': 0.036552708191668566}",20,0,36.8029812400719,"{0: 20, 1: 0, 2: 0, 3: 0, 4: 0}",0
3310,False,"{'a': 0.001, 'e': 0.0365161737537404}",30,13,-9.427732806634557,"{0: 16, 1: 0, 2: 0, 3: 0, 4: 1}",1
3311,False,"{'a': 0.001, 'e': 0.036479675831989036}",25,16,13.370450213561545,"{0: 9, 1: 0, 2: 0, 3: 0, 4: 0}",1
3312,False,"{'a': 0.001, 'e': 0.036443214389916524}",20,15,11.17501216969769,"{0: 5, 1: 0, 2: 0, 3: 0, 4: 0}",1
3313,False,"{'a': 0.001, 'e': 0.036406789391061456}",20,11,17.593236088054972,"{0: 9, 1: 0, 2: 0, 3: 0, 4: 0}",1
3314,False,"{'a': 0.001, 'e': 0.03637040079899881}",25,11,23.425009997295643,"{0: 14, 1: 0, 2: 0, 3: 0, 4: 0}",1
3315,False,"{'a': 0.001, 'e': 0.036334048577339996}",20,10,17.344692794065185,"{0: 10, 1: 0, 2: 0, 3: 0, 4: 0}",1
3316,False,"{'a': 0.001, 'e': 0.03629773268973277}",20,3,27.560526799130773,"{0: 17, 1: 0, 2: 0, 3: 0, 4: 0}",1
3317,False,"{'a': 0.001, 'e': 0.03626145309986128}",25,8,33.67665563003945,"{0: 17, 1: 0, 2: 0, 3: 0, 4: 0}",1
3318,False,"{'a': 0.001, 'e': 0.03622520977144591}",25,0,11.948885217356715,"{0: 24, 1: 0, 2: 0, 3: 1, 4: 0}",1
3319,False,"{'a': 0.001, 'e': 0.03618900266824332}",30,8,39.93727205353947,"{0: 22, 1: 0, 2: 0, 3: 0, 4: 0}",1
3320,False,"{'a': 0.001, 'e': 0.03615283175404641}",25,18,13.557327514721958,"{0: 7, 1: 0, 2: 0, 3: 0, 4: 0}",1
3321,False,"{'a': 0.001, 'e': 0.03611669699268428}",30,14,30.063468518453274,"{0: 16, 1: 0, 2: 0, 3: 0, 4: 0}",1
3322,False,"{'a': 0.001, 'e': 0.03608059834802215}",25,13,21.441090094934392,"{0: 12, 1: 0, 2: 0, 3: 0, 4: 0}",1
3323,False,"{'a': 0.001, 'e': 0.03604453578396138}",20,6,26.26826918597144,"{0: 14, 1: 0, 2: 0, 3: 0, 4: 0}",1
3324,False,"{'a': 0.001, 'e': 0.036008509264439374}",20,0,27.491637559540795,"{0: 20, 1: 0, 2: 0, 3: 0, 4: 0}",0
3325,False,"{'a': 0.001, 'e': 0.035972518753429654}",25,15,15.668753350819463,"{0: 10, 1: 0, 2: 0, 3: 0, 4: 0}",1
3326,False,"{'a': 0.001, 'e': 0.03593656421494168}",20,12,14.942591741274844,"{0: 8, 1: 0, 2: 0, 3: 0, 4: 0}",1
3327,False,"{'a': 0.001, 'e': 0.03590064561302092}",20,15,8.236483541819592,"{0: 5, 1: 0, 2: 0, 3: 0, 4: 0}",1
3328,False,"{'a': 0.001, 'e': 0.03586476291174875}",30,18,22.221328833923433,"{0: 12, 1: 0, 2: 0, 3: 0, 4: 0}",1
3329,False,"{'a': 0.001, 'e': 0.035828916075242495}",20,13,13.174191898634948,"{0: 7, 1: 0, 2: 0, 3: 0, 4: 0}",1
3330,False,"{'a': 0.001, 'e': 0.0357931050676553}",20,3,30.5397109824894,"{0: 17, 1: 0, 2: 0, 3: 0, 4: 0}",1
3331,False,"{'a': 0.001, 'e': 0.03575732985317615}",20,13,12.01814545574701,"{0: 7, 1: 0, 2: 0, 3: 0, 4: 0}",1
3332,False,"{'a': 0.001, 'e': 0.035721590396029845}",25,18,12.754606918642988,"{0: 7, 1: 0, 2: 0, 3: 0, 4: 0}",1
3333,False,"{'a': 0.001, 'e': 0.03568588666047689}",25,13,19.62183735358482,"{0: 12, 1: 0, 2: 0, 3: 0, 4: 0}",1
3334,False,"{'a': 0.001, 'e': 0.035650218610813585}",20,15,9.65507068205553,"{0: 5, 1: 0, 2: 0, 3: 0, 4: 0}",1
3335,False,"{'a': 0.001, 'e': 0.03561458621137186}",20,8,20.14733855558307,"{0: 12, 1: 0, 2: 0, 3: 0, 4: 0}",1
3336,False,"{'a': 0.001, 'e': 0.03557898942651932}",20,16,9.676598608165264,"{0: 4, 1: 0, 2: 0, 3: 0, 4: 0}",1
3337,False,"{'a': 0.001, 'e': 0.03554342822065915}",20,11,16.865915926787817,"{0: 9, 1: 0, 2: 0, 3: 0, 4: 0}",1
3338,False,"{'a': 0.001, 'e': 0.035507902558230185}",25,17,16.50795512886267,"{0: 8, 1: 0, 2: 0, 3: 0, 4: 0}",1
3339,False,"{'a': 0.001, 'e': 0.03547241240370673}",20,13,13.045354784273941,"{0: 7, 1: 0, 2: 0, 3: 0, 4: 0}",1
3340,False,"{'a': 0.001, 'e': 0.03543695772159864}",20,12,11.167983532959234,"{0: 8, 1: 0, 2: 0, 3: 0, 4: 0}",1
3341,False,"{'a': 0.001, 'e': 0.03540153847645121}",25,11,15.197716867036087,"{0: 13, 1: 1, 2: 0, 3: 0, 4: 0}",1
3342,False,"{'a': 0.001, 'e': 0.03536615463284522}",30,21,18.559056048851133,"{0: 9, 1: 0, 2: 0, 3: 0, 4: 0}",1
3343,False,"{'a': 0.001, 'e': 0.035330806155396806}",20,8,17.66400995767677,"{0: 12, 1: 0, 2: 0, 3: 0, 4: 0}",1
3344,False,"{'a': 0.001, 'e': 0.03529549300875749}",20,15,11.026443449335815,"{0: 5, 1: 0, 2: 0, 3: 0, 4: 0}",1
3345,False,"{'a': 0.001, 'e': 0.03526021515761412}",30,19,17.328846553836577,"{0: 11, 1: 0, 2: 0, 3: 0, 4: 0}",1
3346,False,"{'a': 0.001, 'e': 0.035224972566688856}",20,16,7.8683254636496,"{0: 4, 1: 0, 2: 0, 3: 0, 4: 0}",1
3347,False,"{'a': 0.001, 'e': 0.03518976520073909}",30,8,36.04856116893129,"{0: 22, 1: 0, 2: 0, 3: 0, 4: 0}",1
3348,False,"{'a': 0.001, 'e': 0.03515459302455746}",30,18,22.947396230734764,"{0: 12, 1: 0, 2: 0, 3: 0, 4: 0}",1
3349,False,"{'a': 0.001, 'e': 0.03511945600297177}",20,8,14.481600520270561,"{0: 11, 1: 1, 2: 0, 3: 0, 4: 0}",1
3350,False,"{'a': 0.001, 'e': 0.035084354100845025}",25,14,21.200055589448404,"{0: 11, 1: 0, 2: 0, 3: 0, 4: 0}",1
3351,False,"{'a': 0.001, 'e': 0.035049287283075305}",20,15,10.117808012030475,"{0: 5, 1: 0, 2: 0, 3: 0, 4: 0}",1
3352,False,"{'a': 0.001, 'e': 0.035014255514595784}",20,13,12.577458107182025,"{0: 7, 1: 0, 2: 0, 3: 0, 4: 0}",1
3353,False,"{'a': 0.001, 'e': 0.034979258760374686}",20,16,9.537679317461347,"{0: 4, 1: 0, 2: 0, 3: 0, 4: 0}",1
3354,False,"{'a': 0.001, 'e': 0.03494429698541527}",25,8,33.430404094672944,"{0: 17, 1: 0, 2: 0, 3: 0, 4: 0}",1
3355,False,"{'a': 0.001, 'e': 0.03490937015475576}",20,11,16.45555236092023,"{0: 9, 1: 0, 2: 0, 3: 0, 4: 0}",1
3356,False,"{'a': 0.001, 'e': 0.034874478233469314}",25,12,23.48007248800576,"{0: 13, 1: 0, 2: 0, 3: 0, 4: 0}",1
3357,False,"{'a': 0.001, 'e': 0.034839621186663984}",20,10,21.1986109342201,"{0: 10, 1: 0, 2: 0, 3: 0, 4: 0}",1
3358,False,"{'a': 0.001, 'e': 0.03480479897948277}",25,12,22.55884402940561,"{0: 13, 1: 0, 2: 0, 3: 0, 4: 0}",1
3359,False,"{'a': 0.001, 'e': 0.03477001157710343}",25,1,39.1125438611491,"{0: 24, 1: 0, 2: 0, 3: 0, 4: 0}",1
3360,False,"{'a': 0.001, 'e': 0.03473525894473856}",20,15,10.562572082319628,"{0: 5, 1: 0, 2: 0, 3: 0, 4: 0}",1
3361,False,"{'a': 0.001, 'e': 0.03470054104763552}",20,15,10.579919585077395,"{0: 5, 1: 0, 2: 0, 3: 0, 4: 0}",1
3362,False,"{'a': 0.001, 'e': 0.03466585785107644}",20,8,21.278049416932575,"{0: 12, 1: 0, 2: 0, 3: 0, 4: 0}",1
3363,False,"{'a': 0.001, 'e': 0.034631209320378095}",25,14,21.159524562897158,"{0: 11, 1: 0, 2: 0, 3: 0, 4: 0}",1
3364,False,"{'a': 0.001, 'e': 0.034596595420891954}",20,13,3.8579118790771156,"{0: 6, 1: 0, 2: 1, 3: 0, 4: 0}",1
3365,False,"{'a': 0.001, 'e': 0.0345620161180041}",20,13,13.156821464546017,"{0: 7, 1: 0, 2: 0, 3: 0, 4: 0}",1
3366,False,"{'a': 0.001, 'e': 0.034527471377135265}",20,0,30.83430276242116,"{0: 20, 1: 0, 2: 0, 3: 0, 4: 0}",0
3367,False,"{'a': 0.001, 'e': 0.03449296116374068}",25,13,13.155876902437242,"{0: 11, 1: 0, 2: 1, 3: 0, 4: 0}",1
3368,False,"{'a': 0.001, 'e': 0.034458485443310136}",20,14,10.083073759082565,"{0: 6, 1: 0, 2: 0, 3: 0, 4: 0}",1
3369,False,"{'a': 0.001, 'e': 0.034424044181367894}",20,9,22.354305932572835,"{0: 11, 1: 0, 2: 0, 3: 0, 4: 0}",1
3370,False,"{'a': 0.001, 'e': 0.03438963734347271}",20,11,19.334432859900854,"{0: 9, 1: 0, 2: 0, 3: 0, 4: 0}",1
3371,False,"{'a': 0.001, 'e': 0.03435526489521774}",25,8,31.584797053015038,"{0: 17, 1: 0, 2: 0, 3: 0, 4: 0}",1
3372,False,"{'a': 0.001, 'e': 0.03432092680223053}",30,18,22.56585139106731,"{0: 12, 1: 0, 2: 0, 3: 0, 4: 0}",1
3373,False,"{'a': 0.001, 'e': 0.034286623030172964}",20,0,3.121359973706388,"{0: 19, 1: 0, 2: 0, 3: 1, 4: 0}",0
3374,False,"{'a': 0.001, 'e': 0.0342523535447413}",25,15,15.537488645469942,"{0: 10, 1: 0, 2: 0, 3: 0, 4: 0}",1
3375,False,"{'a': 0.001, 'e': 0.03421811831166603}",30,8,40.37202608889751,"{0: 22, 1: 0, 2: 0, 3: 0, 4: 0}",1
3376,False,"{'a': 0.001, 'e': 0.034183917296711934}",25,10,29.810337311732713,"{0: 15, 1: 0, 2: 0, 3: 0, 4: 0}",1
3377,False,"{'a': 0.001, 'e': 0.03414975046567796}",30,22,13.8113614030607,"{0: 8, 1: 0, 2: 0, 3: 0, 4: 0}",1
3378,False,"{'a': 0.001, 'e': 0.03411561778439732}",20,5,23.191300358890818,"{0: 15, 1: 0, 2: 0, 3: 0, 4: 0}",1
3379,False,"{'a': 0.001, 'e': 0.034081519218737304}",25,7,31.95276452498843,"{0: 18, 1: 0, 2: 0, 3: 0, 4: 0}",1
3380,False,"{'a': 0.001, 'e': 0.034047454734599344}",20,7,17.615959456734846,"{0: 13, 1: 0, 2: 0, 3: 0, 4: 0}",1
3381,False,"{'a': 0.001, 'e': 0.03401342429791895}",25,15,18.23273955807752,"{0: 10, 1: 0, 2: 0, 3: 0, 4: 0}",1
3382,False,"{'a': 0.001, 'e': 0.033979427874665694}",30,23,14.793594981321451,"{0: 7, 1: 0, 2: 0, 3: 0, 4: 0}",1
3383,False,"{'a': 0.001, 'e': 0.03394546543084315}",20,13,14.008346030021723,"{0: 7, 1: 0, 2: 0, 3: 0, 4: 0}",1
3384,False,"{'a': 0.001, 'e': 0.033911536932488856}",20,16,6.46431872093325,"{0: 4, 1: 0, 2: 0, 3: 0, 4: 0}",1
3385,False,"{'a': 0.001, 'e': 0.033877642345674315}",20,6,26.151892492054603,"{0: 14, 1: 0, 2: 0, 3: 0, 4: 0}",1
3386,False,"{'a': 0.001, 'e': 0.03384378163650495}",25,8,36.29464707355015,"{0: 17, 1: 0, 2: 0, 3: 0, 4: 0}",1
3387,False,"{'a': 0.001, 'e': 0.033809954771120046}",20,11,21.294931711419302,"{0: 9, 1: 0, 2: 0, 3: 0, 4: 0}",1
3388,False,"{'a': 0.001, 'e': 0.03377616171569273}",25,18,16.17926668377621,"{0: 7, 1: 0, 2: 0, 3: 0, 4: 0}",1
3389,False,"{'a': 0.001, 'e': 0.03374240243642994}",30,18,20.058273824975895,"{0: 12, 1: 0, 2: 0, 3: 0, 4: 0}",1
3390,False,"{'a': 0.001, 'e': 0.033708676899572396}",25,8,30.432155007795807,"{0: 17, 1: 0, 2: 0, 3: 0, 4: 0}",1
3391,False,"{'a': 0.001, 'e': 0.03367498507139457}",20,10,19.29199619011415,"{0: 10, 1: 0, 2: 0, 3: 0, 4: 0}",1
3392,False,"{'a': 0.001, 'e': 0.03364132691820462}",20,12,13.988745598085412,"{0: 8, 1: 0, 2: 0, 3: 0, 4: 0}",1
3393,False,"{'a': 0.001, 'e': 0.03360770240634438}",20,6,27.667029157715763,"{0: 14, 1: 0, 2: 0, 3: 0, 4: 0}",1
3394,False,"{'a': 0.001, 'e': 0.033574111502189356}",30,6,42.087467307352284,"{0: 24, 1: 0, 2: 0, 3: 0, 4: 0}",1
3395,False,"{'a': 0.001, 'e': 0.033540554172148636}",35,24,5.760351455957796,"{0: 10, 1: 0, 2: 1, 3: 0, 4: 0}",1
3396,False,"{'a': 0.001, 'e': 0.03350703038266488}",25,18,13.420104796255865,"{0: 7, 1: 0, 2: 0, 3: 0, 4: 0}",1
3397,False,"{'a': 0.001, 'e': 0.03347354010021429}",20,2,34.021971014799924,"{0: 18, 1: 0, 2: 0, 3: 0, 4: 0}",1
3398,False,"{'a': 0.001, 'e': 0.0334400832913066}",25,13,24.55492079996228,"{0: 12, 1: 0, 2: 0, 3: 0, 4: 0}",1
3399,False,"{'a': 0.001, 'e': 0.03340665992248499}",20,13,12.304489150086997,"{0: 7, 1: 0, 2: 0, 3: 0, 4: 0}",1
3400,False,"{'a': 0.001, 'e': 0.03337326996032608}",20,12,-6.28599057351342,"{0: 7, 1: 0, 2: 0, 3: 1, 4: 0}",1
3401,False,"{'a': 0.001, 'e': 0.033339913371439905}",20,9,20.776745056908283,"{0: 11, 1: 0, 2: 0, 3: 0, 4: 0}",1
3402,False,"{'a': 0.001, 'e': 0.03330659012246989}",20,8,19.979143868059154,"{0: 12, 1: 0, 2: 0, 3: 0, 4: 0}",1
3403,False,"{'a': 0.001, 'e': 0.03327330018009277}",20,0,32.21840547430788,"{0: 20, 1: 0, 2: 0, 3: 0, 4: 0}",1
3404,False,"{'a': 0.001, 'e': 0.03324004351101861}",20,13,9.832999311233166,"{0: 7, 1: 0, 2: 0, 3: 0, 4: 0}",1
3405,False,"{'a': 0.001, 'e': 0.03320682008199072}",25,10,17.567159677534164,"{0: 14, 1: 0, 2: 1, 3: 0, 4: 0}",1
3406,False,"{'a': 0.001, 'e': 0.03317362985978568}",25,12,23.562401225711934,"{0: 13, 1: 0, 2: 0, 3: 0, 4: 0}",1
3407,False,"{'a': 0.001, 'e': 0.033140472811213274}",25,2,37.82095304849115,"{0: 23, 1: 0, 2: 0, 3: 0, 4: 0}",1
3408,False,"{'a': 0.001, 'e': 0.03310734890311644}",20,10,19.2881749490497,"{0: 10, 1: 0, 2: 0, 3: 0, 4: 0}",1
3409,False,"{'a': 0.001, 'e': 0.03307425810237125}",20,13,13.744064573847451,"{0: 7, 1: 0, 2: 0, 3: 0, 4: 0}",1
3410,False,"{'a': 0.001, 'e': 0.03304120037588693}",25,7,29.533891235335055,"{0: 18, 1: 0, 2: 0, 3: 0, 4: 0}",1
3411,False,"{'a': 0.001, 'e': 0.03300817569060575}",25,7,29.98238969738978,"{0: 18, 1: 0, 2: 0, 3: 0, 4: 0}",1
3412,False,"{'a': 0.001, 'e': 0.032975184013503}",30,10,24.76702802911573,"{0: 19, 1: 0, 2: 1, 3: 0, 4: 0}",1
3413,False,"{'a': 0.001, 'e': 0.032942225311587005}",20,13,15.069256711794504,"{0: 7, 1: 0, 2: 0, 3: 0, 4: 0}",1
3414,False,"{'a': 0.001, 'e': 0.03290929955189908}",25,18,13.513070825223734,"{0: 7, 1: 0, 2: 0, 3: 0, 4: 0}",1
3415,False,"{'a': 0.001, 'e': 0.03287640670151345}",20,10,17.29117318776028,"{0: 10, 1: 0, 2: 0, 3: 0, 4: 0}",1
3416,False,"{'a': 0.001, 'e': 0.03284354672753726}",20,6,25.435911173174127,"{0: 14, 1: 0, 2: 0, 3: 0, 4: 0}",1
3417,False,"{'a': 0.001, 'e': 0.032810719597110516}",35,15,35.28928695382921,"{0: 20, 1: 0, 2: 0, 3: 0, 4: 0}",1
3418,False,"{'a': 0.001, 'e': 0.032777925277406125}",25,17,15.323243765790538,"{0: 8, 1: 0, 2: 0, 3: 0, 4: 0}",1
3419,False,"{'a': 0.001, 'e': 0.03274516373562974}",30,18,21.04942795283969,"{0: 12, 1: 0, 2: 0, 3: 0, 4: 0}",1
3420,False,"{'a': 0.001, 'e': 0.03271243493901982}",20,2,13.675642557566176,"{0: 17, 1: 0, 2: 1, 3: 0, 4: 0}",1
3421,False,"{'a': 0.001, 'e': 0.03267973885484755}",20,7,28.796795457319238,"{0: 13, 1: 0, 2: 0, 3: 0, 4: 0}",1
3422,False,"{'a': 0.001, 'e': 0.03264707545041687}",20,16,6.971240591515954,"{0: 4, 1: 0, 2: 0, 3: 0, 4: 0}",1
3423,False,"{'a': 0.001, 'e': 0.03261444469306436}",30,24,8.56979561902754,"{0: 6, 1: 0, 2: 0, 3: 0, 4: 0}",1
3424,False,"{'a': 0.001, 'e': 0.03258184655015926}",20,9,23.12098804457998,"{0: 11, 1: 0, 2: 0, 3: 0, 4: 0}",1
3425,False,"{'a': 0.001, 'e': 0.03254928098910342}",25,14,21.771985464719045,"{0: 11, 1: 0, 2: 0, 3: 0, 4: 0}",1
3426,False,"{'a': 0.001, 'e': 0.03251674797733129}",20,2,30.892765776985247,"{0: 18, 1: 0, 2: 0, 3: 0, 4: 0}",1
3427,False,"{'a': 0.001, 'e': 0.032484247482309846}",35,20,25.289770235767445,"{0: 15, 1: 0, 2: 0, 3: 0, 4: 0}",1
3428,False,"{'a': 0.001, 'e': 0.03245177947153859}",25,19,11.849113163475998,"{0: 6, 1: 0, 2: 0, 3: 0, 4: 0}",1
3429,False,"{'a': 0.001, 'e': 0.0324193439125495}",20,9,22.9612277803238,"{0: 11, 1: 0, 2: 0, 3: 0, 4: 0}",1
3430,False,"{'a': 0.001, 'e': 0.03238694077290704}",35,20,28.092786611665773,"{0: 15, 1: 0, 2: 0, 3: 0, 4: 0}",1
3431,False,"{'a': 0.001, 'e': 0.03235457002020804}",20,15,8.538411850226176,"{0: 5, 1: 0, 2: 0, 3: 0, 4: 0}",1
3432,False,"{'a': 0.001, 'e': 0.03232223162208177}",20,10,21.625205076979036,"{0: 10, 1: 0, 2: 0, 3: 0, 4: 0}",1
3433,False,"{'a': 0.001, 'e': 0.0322899255461898}",20,10,21.26196520715014,"{0: 10, 1: 0, 2: 0, 3: 0, 4: 0}",1
3434,False,"{'a': 0.001, 'e': 0.032257651760226075}",25,13,22.083318503131103,"{0: 12, 1: 0, 2: 0, 3: 0, 4: 0}",1
3435,False,"{'a': 0.001, 'e': 0.0322254102319168}",30,16,27.888596974482915,"{0: 14, 1: 0, 2: 0, 3: 0, 4: 0}",1
3436,False,"{'a': 0.001, 'e': 0.03219320092902044}",20,9,9.761712019259576,"{0: 10, 1: 0, 2: 1, 3: 0, 4: 0}",1
3437,False,"{'a': 0.001, 'e': 0.032161023819327686}",30,20,19.666083693222525,"{0: 10, 1: 0, 2: 0, 3: 0, 4: 0}",1
3438,False,"{'a': 0.001, 'e': 0.03212887887066144}",20,6,16.260195396461196,"{0: 13, 1: 1, 2: 0, 3: 0, 4: 0}",1
3439,False,"{'a': 0.001, 'e': 0.032096766050876746}",20,14,-0.3161119446208005,"{0: 5, 1: 0, 2: 1, 3: 0, 4: 0}",1
3440,False,"{'a': 0.001, 'e': 0.03206468532786077}",20,8,22.426145593922715,"{0: 12, 1: 0, 2: 0, 3: 0, 4: 0}",1
3441,False,"{'a': 0.001, 'e': 0.03203263666953279}",20,9,21.116208297269626,"{0: 11, 1: 0, 2: 0, 3: 0, 4: 0}",1
3442,False,"{'a': 0.001, 'e': 0.03200062004384415}",20,12,14.33387650848608,"{0: 8, 1: 0, 2: 0, 3: 0, 4: 0}",1
3443,False,"{'a': 0.001, 'e': 0.03196863541877823}",30,18,19.620245869387283,"{0: 12, 1: 0, 2: 0, 3: 0, 4: 0}",1
3444,False,"{'a': 0.001, 'e': 0.03193668276235039}",25,11,25.73891587096921,"{0: 14, 1: 0, 2: 0, 3: 0, 4: 0}",1
3445,False,"{'a': 0.001, 'e': 0.03190476204260796}",20,16,7.407948959142816,"{0: 4, 1: 0, 2: 0, 3: 0, 4: 0}",1
3446,False,"{'a': 0.001, 'e': 0.031872873227630244}",35,21,24.34439819333772,"{0: 14, 1: 0, 2: 0, 3: 0, 4: 0}",1
3447,False,"{'a': 0.001, 'e': 0.03184101628552841}",25,13,20.982349479420407,"{0: 12, 1: 0, 2: 0, 3: 0, 4: 0}",1
3448,False,"{'a': 0.001, 'e': 0.03180919118444552}",20,6,29.98404299868014,"{0: 14, 1: 0, 2: 0, 3: 0, 4: 0}",1
3449,False,"{'a': 0.001, 'e': 0.03177739789255645}",20,13,11.885501825234261,"{0: 7, 1: 0, 2: 0, 3: 0, 4: 0}",1
3450,False,"{'a': 0.001, 'e': 0.03174563637806794}",20,14,14.841201567216755,"{0: 6, 1: 0, 2: 0, 3: 0, 4: 0}",1
3451,False,"{'a': 0.001, 'e': 0.03171390660921845}",30,20,19.872378238554187,"{0: 10, 1: 0, 2: 0, 3: 0, 4: 0}",1
3452,False,"{'a': 0.001, 'e': 0.0316822085542782}",25,18,13.06378261527586,"{0: 7, 1: 0, 2: 0, 3: 0, 4: 0}",1
3453,False,"{'a': 0.001, 'e': 0.03165054218154915}",25,17,15.952857198741675,"{0: 8, 1: 0, 2: 0, 3: 0, 4: 0}",1
3454,False,"{'a': 0.001, 'e': 0.031618907459364916}",25,14,20.43812399750626,"{0: 11, 1: 0, 2: 0, 3: 0, 4: 0}",1
3455,False,"{'a': 0.001, 'e': 0.031587304356090785}",35,22,-15.300265973697856,"{0: 12, 1: 0, 2: 0, 3: 0, 4: 1}",1
3456,False,"{'a': 0.001, 'e': 0.03155573284012364}",20,13,14.228134268673186,"{0: 7, 1: 0, 2: 0, 3: 0, 4: 0}",1
3457,False,"{'a': 0.001, 'e': 0.031524192879891964}",25,13,24.44671203135542,"{0: 12, 1: 0, 2: 0, 3: 0, 4: 0}",1
3458,False,"{'a': 0.001, 'e': 0.031492684443855785}",25,14,19.702047312563955,"{0: 11, 1: 0, 2: 0, 3: 0, 4: 0}",1
3459,False,"{'a': 0.001, 'e': 0.03146120750050669}",25,8,29.909401000262946,"{0: 17, 1: 0, 2: 0, 3: 0, 4: 0}",1
3460,False,"{'a': 0.001, 'e': 0.03142976201836771}",25,17,13.125497824998424,"{0: 8, 1: 0, 2: 0, 3: 0, 4: 0}",1
3461,False,"{'a': 0.001, 'e': 0.03139834796599337}",20,14,-31.078102097521423,"{0: 5, 1: 0, 2: 0, 3: 0, 4: 1}",1
3462,False,"{'a': 0.001, 'e': 0.0313669653119696}",25,11,12.393347289834114,"{0: 13, 1: 0, 2: 1, 3: 0, 4: 0}",1
3463,False,"{'a': 0.001, 'e': 0.03133561402491377}",25,16,18.77759719904474,"{0: 9, 1: 0, 2: 0, 3: 0, 4: 0}",1
3464,False,"{'a': 0.001, 'e': 0.03130429407347458}",20,10,13.440373006696236,"{0: 10, 1: 0, 2: 0, 3: 0, 4: 0}",1
3465,False,"{'a': 0.001, 'e': 0.03127300542633206}",20,14,13.21052791352416,"{0: 6, 1: 0, 2: 0, 3: 0, 4: 0}",1
3466,False,"{'a': 0.001, 'e': 0.031241748052197565}",20,8,24.274048706167356,"{0: 12, 1: 0, 2: 0, 3: 0, 4: 0}",1
3467,False,"{'a': 0.001, 'e': 0.031210521919813744}",30,21,15.684211389877728,"{0: 9, 1: 0, 2: 0, 3: 0, 4: 0}",1
3468,False,"{'a': 0.001, 'e': 0.031179326997954438}",25,10,25.745652785581367,"{0: 15, 1: 0, 2: 0, 3: 0, 4: 0}",1
3469,False,"{'a': 0.001, 'e': 0.03114816325542473}",35,23,24.429514677374474,"{0: 12, 1: 0, 2: 0, 3: 0, 4: 0}",1
3470,False,"{'a': 0.001, 'e': 0.03111703066106086}",30,13,30.39618083886599,"{0: 17, 1: 0, 2: 0, 3: 0, 4: 0}",1
3471,False,"{'a': 0.001, 'e': 0.03108592918373026}",20,4,29.944222066389305,"{0: 16, 1: 0, 2: 0, 3: 0, 4: 0}",1
3472,False,"{'a': 0.001, 'e': 0.03105485879233143}",30,20,19.22569893594118,"{0: 10, 1: 0, 2: 0, 3: 0, 4: 0}",1
3473,False,"{'a': 0.001, 'e': 0.031023819455793984}",20,8,19.368570953220406,"{0: 12, 1: 0, 2: 0, 3: 0, 4: 0}",1
3474,False,"{'a': 0.001, 'e': 0.03099281114307856}",20,16,5.990434784577233,"{0: 4, 1: 0, 2: 0, 3: 0, 4: 0}",1
3475,False,"{'a': 0.001, 'e': 0.030961833823176882}",20,13,15.846643000476224,"{0: 7, 1: 0, 2: 0, 3: 0, 4: 0}",1
3476,False,"{'a': 0.001, 'e': 0.030930887465111603}",20,15,9.025711126167268,"{0: 5, 1: 0, 2: 0, 3: 0, 4: 0}",1
3477,False,"{'a': 0.001, 'e': 0.030899972037936367}",20,13,7.155367977781146,"{0: 6, 1: 1, 2: 0, 3: 0, 4: 0}",1
3478,False,"{'a': 0.001, 'e': 0.03086908751073573}",25,12,5.438796369777433,"{0: 11, 1: 1, 2: 1, 3: 0, 4: 0}",1
3479,False,"{'a': 0.001, 'e': 0.030838233852625192}",30,9,36.96666860029133,"{0: 21, 1: 0, 2: 0, 3: 0, 4: 0}",1
3480,False,"{'a': 0.001, 'e': 0.030807411032751076}",20,2,30.798212944479925,"{0: 18, 1: 0, 2: 0, 3: 0, 4: 0}",1
3481,False,"{'a': 0.001, 'e': 0.03077661902029056}",25,17,17.904478706351107,"{0: 8, 1: 0, 2: 0, 3: 0, 4: 0}",1
3482,False,"{'a': 0.001, 'e': 0.030745857784451616}",20,6,25.02885969932003,"{0: 14, 1: 0, 2: 0, 3: 0, 4: 0}",1
3483,False,"{'a': 0.001, 'e': 0.03071512729447303}",25,1,35.70785992937917,"{0: 23, 1: 1, 2: 0, 3: 0, 4: 0}",1
3484,False,"{'a': 0.001, 'e': 0.0306844275196243}",20,12,16.69225302960919,"{0: 8, 1: 0, 2: 0, 3: 0, 4: 0}",1
3485,False,"{'a': 0.001, 'e': 0.030653758429205646}",25,13,22.023337733934703,"{0: 12, 1: 0, 2: 0, 3: 0, 4: 0}",1
3486,False,"{'a': 0.001, 'e': 0.03062311999254796}",20,12,14.383658790470227,"{0: 8, 1: 0, 2: 0, 3: 0, 4: 0}",1
3487,False,"{'a': 0.001, 'e': 0.030592512179012835}",25,19,10.618475844963218,"{0: 6, 1: 0, 2: 0, 3: 0, 4: 0}",1
3488,False,"{'a': 0.001, 'e': 0.030561934957992438}",25,11,19.178906227406422,"{0: 14, 1: 0, 2: 0, 3: 0, 4: 0}",1
3489,False,"{'a': 0.001, 'e': 0.030531388298909546}",20,16,9.970111665032281,"{0: 4, 1: 0, 2: 0, 3: 0, 4: 0}",1
3490,False,"{'a': 0.001, 'e': 0.030500872171217483}",30,13,34.32369960637894,"{0: 17, 1: 0, 2: 0, 3: 0, 4: 0}",1
3491,False,"{'a': 0.001, 'e': 0.030470386544400145}",20,8,10.445460116308386,"{0: 11, 1: 0, 2: 1, 3: 0, 4: 0}",1
3492,False,"{'a': 0.001, 'e': 0.03043993138797189}",25,18,14.163692839160664,"{0: 7, 1: 0, 2: 0, 3: 0, 4: 0}",1
3493,False,"{'a': 0.001, 'e': 0.030409506671477564}",20,8,20.947359749267488,"{0: 12, 1: 0, 2: 0, 3: 0, 4: 0}",1
3494,False,"{'a': 0.001, 'e': 0.03037911236449243}",30,8,28.21315800110906,"{0: 21, 1: 0, 2: 1, 3: 0, 4: 0}",1
3495,False,"{'a': 0.001, 'e': 0.030348748436622202}",20,6,24.922104245510756,"{0: 14, 1: 0, 2: 0, 3: 0, 4: 0}",1
3496,False,"{'a': 0.001, 'e': 0.03031841485750294}",25,3,36.556790870761766,"{0: 22, 1: 0, 2: 0, 3: 0, 4: 0}",1
3497,False,"{'a': 0.001, 'e': 0.030288111596801063}",20,10,16.77976540536815,"{0: 10, 1: 0, 2: 0, 3: 0, 4: 0}",1
3498,False,"{'a': 0.001, 'e': 0.030257838624213294}",20,16,7.307426964761068,"{0: 4, 1: 0, 2: 0, 3: 0, 4: 0}",1
3499,False,"{'a': 0.001, 'e': 0.030227595909466682}",25,7,29.908331997543325,"{0: 18, 1: 0, 2: 0, 3: 0, 4: 0}",1
3500,False,"{'a': 0.001, 'e': 0.0301973834223185}",25,17,13.968853629717326,"{0: 8, 1: 0, 2: 0, 3: 0, 4: 0}",1
3501,False,"{'a': 0.001, 'e': 0.03016720113255626}",20,13,15.635005170678793,"{0: 7, 1: 0, 2: 0, 3: 0, 4: 0}",1
3502,False,"{'a': 0.001, 'e': 0.030137049009997648}",20,11,15.41250862325888,"{0: 9, 1: 0, 2: 0, 3: 0, 4: 0}",1
3503,False,"{'a': 0.001, 'e': 0.03010692702449057}",20,12,13.62185269200473,"{0: 8, 1: 0, 2: 0, 3: 0, 4: 0}",1
3504,False,"{'a': 0.001, 'e': 0.03007683514591303}",30,19,21.975658080636425,"{0: 11, 1: 0, 2: 0, 3: 0, 4: 0}",1
3505,False,"{'a': 0.001, 'e': 0.03004677334417314}",25,11,26.721990013185845,"{0: 14, 1: 0, 2: 0, 3: 0, 4: 0}",1
3506,False,"{'a': 0.001, 'e': 0.030016741589209084}",20,13,12.553053548528087,"{0: 7, 1: 0, 2: 0, 3: 0, 4: 0}",1
3507,False,"{'a': 0.001, 'e': 0.029986739850989135}",20,11,-23.038422433132737,"{0: 8, 1: 0, 2: 0, 3: 0, 4: 1}",1
3508,False,"{'a': 0.001, 'e': 0.029956768099511533}",20,9,20.099155165940168,"{0: 11, 1: 0, 2: 0, 3: 0, 4: 0}",1
3509,False,"{'a': 0.001, 'e': 0.02992682630480453}",20,10,19.360236619131644,"{0: 10, 1: 0, 2: 0, 3: 0, 4: 0}",1
3510,False,"{'a': 0.001, 'e': 0.029896914436926308}",20,14,10.577922717081464,"{0: 6, 1: 0, 2: 0, 3: 0, 4: 0}",1
3511,False,"{'a': 0.001, 'e': 0.02986703246596503}",20,5,23.01610546109194,"{0: 15, 1: 0, 2: 0, 3: 0, 4: 0}",1
3512,False,"{'a': 0.001, 'e': 0.029837180362038706}",25,18,9.553633778233259,"{0: 7, 1: 0, 2: 0, 3: 0, 4: 0}",1
3513,False,"{'a': 0.001, 'e': 0.029807358095295233}",25,20,8.162046861025457,"{0: 5, 1: 0, 2: 0, 3: 0, 4: 0}",1
3514,False,"{'a': 0.001, 'e': 0.02977756563591232}",25,5,38.506592205472224,"{0: 20, 1: 0, 2: 0, 3: 0, 4: 0}",1
3515,False,"{'a': 0.001, 'e': 0.029747802954097544}",20,15,9.13853639589299,"{0: 5, 1: 0, 2: 0, 3: 0, 4: 0}",1
3516,False,"{'a': 0.001, 'e': 0.0297180700200882}",25,5,37.029211148732415,"{0: 20, 1: 0, 2: 0, 3: 0, 4: 0}",1
3517,False,"{'a': 0.001, 'e': 0.02968836680415135}",20,13,13.797208266703764,"{0: 7, 1: 0, 2: 0, 3: 0, 4: 0}",1
3518,False,"{'a': 0.001, 'e': 0.029658693276583766}",20,13,12.863599235412618,"{0: 7, 1: 0, 2: 0, 3: 0, 4: 0}",1
3519,False,"{'a': 0.001, 'e': 0.029629049407711945}",20,5,24.955672853370515,"{0: 15, 1: 0, 2: 0, 3: 0, 4: 0}",1
3520,False,"{'a': 0.001, 'e': 0.029599435167892}",25,13,21.243856644750636,"{0: 12, 1: 0, 2: 0, 3: 0, 4: 0}",1
3521,False,"{'a': 0.001, 'e': 0.02956985052750969}",20,0,36.212342031225404,"{0: 20, 1: 0, 2: 0, 3: 0, 4: 0}",0
3522,False,"{'a': 0.001, 'e': 0.029540295456980357}",25,14,22.610214605068037,"{0: 11, 1: 0, 2: 0, 3: 0, 4: 0}",1
3523,False,"{'a': 0.001, 'e': 0.029510769926748955}",30,11,38.06700680520474,"{0: 19, 1: 0, 2: 0, 3: 0, 4: 0}",1
3524,False,"{'a': 0.001, 'e': 0.02948127390728994}",35,23,22.90996746608331,"{0: 12, 1: 0, 2: 0, 3: 0, 4: 0}",1
3525,False,"{'a': 0.001, 'e': 0.02945180736910729}",30,12,23.96462543255781,"{0: 17, 1: 1, 2: 0, 3: 0, 4: 0}",1
3526,False,"{'a': 0.001, 'e': 0.02942237028273445}",20,8,23.203967176293844,"{0: 12, 1: 0, 2: 0, 3: 0, 4: 0}",1
3527,False,"{'a': 0.001, 'e': 0.029392962618734357}",25,9,30.056981638597733,"{0: 16, 1: 0, 2: 0, 3: 0, 4: 0}",1
3528,False,"{'a': 0.001, 'e': 0.029363584347699333}",20,6,3.413212443138468,"{0: 13, 1: 0, 2: 0, 3: 1, 4: 0}",1
3529,False,"{'a': 0.001, 'e': 0.029334235440251103}",20,0,37.08643023765932,"{0: 20, 1: 0, 2: 0, 3: 0, 4: 0}",0
3530,False,"{'a': 0.001, 'e': 0.029304915867040746}",20,16,8.61234797112682,"{0: 4, 1: 0, 2: 0, 3: 0, 4: 0}",1
3531,False,"{'a': 0.001, 'e': 0.02927562559874871}",25,17,14.717090685663713,"{0: 8, 1: 0, 2: 0, 3: 0, 4: 0}",1
3532,False,"{'a': 0.001, 'e': 0.029246364606084714}",25,18,14.603928369026372,"{0: 7, 1: 0, 2: 0, 3: 0, 4: 0}",1
3533,False,"{'a': 0.001, 'e': 0.029217132859787758}",25,18,14.302325303233715,"{0: 7, 1: 0, 2: 0, 3: 0, 4: 0}",1
3534,False,"{'a': 0.001, 'e': 0.029187930330626086}",20,10,19.312317637306357,"{0: 10, 1: 0, 2: 0, 3: 0, 4: 0}",1
3535,False,"{'a': 0.001, 'e': 0.02915875698939719}",35,25,21.509103472994962,"{0: 10, 1: 0, 2: 0, 3: 0, 4: 0}",1
3536,False,"{'a': 0.001, 'e': 0.02912961280692771}",25,16,14.395112034529019,"{0: 9, 1: 0, 2: 0, 3: 0, 4: 0}",1
3537,False,"{'a': 0.001, 'e': 0.02910049775407347}",25,19,12.524077506448334,"{0: 6, 1: 0, 2: 0, 3: 0, 4: 0}",1
3538,False,"{'a': 0.001, 'e': 0.02907141180171939}",25,19,11.037426898710123,"{0: 6, 1: 0, 2: 0, 3: 0, 4: 0}",1
3539,False,"{'a': 0.001, 'e': 0.029042354920779553}",20,0,21.754533846864028,"{0: 19, 1: 0, 2: 1, 3: 0, 4: 0}",0
3540,False,"{'a': 0.001, 'e': 0.029013327082197053}",20,14,10.440226050808448,"{0: 6, 1: 0, 2: 0, 3: 0, 4: 0}",1
3541,False,"{'a': 0.001, 'e': 0.028984328256944056}",30,9,36.16259630073249,"{0: 21, 1: 0, 2: 0, 3: 0, 4: 0}",1
3542,False,"{'a': 0.001, 'e': 0.028955358416021718}",20,13,12.025793820465893,"{0: 7, 1: 0, 2: 0, 3: 0, 4: 0}",1
3543,False,"{'a': 0.001, 'e': 0.02892641753046022}",25,15,18.46662656745857,"{0: 10, 1: 0, 2: 0, 3: 0, 4: 0}",1
3544,False,"{'a': 0.001, 'e': 0.028897505571318663}",25,0,37.591148075657195,"{0: 25, 1: 0, 2: 0, 3: 0, 4: 0}",0
3545,False,"{'a': 0.001, 'e': 0.028868622509685086}",20,6,22.521091649056995,"{0: 14, 1: 0, 2: 0, 3: 0, 4: 0}",1
3546,False,"{'a': 0.001, 'e': 0.028839768316676413}",20,9,10.747860194662817,"{0: 10, 1: 1, 2: 0, 3: 0, 4: 0}",1
3547,False,"{'a': 0.001, 'e': 0.02881094296343847}",20,16,10.539769798766281,"{0: 4, 1: 0, 2: 0, 3: 0, 4: 0}",1
3548,False,"{'a': 0.001, 'e': 0.02878214642114589}",20,10,23.205089841490167,"{0: 10, 1: 0, 2: 0, 3: 0, 4: 0}",1
3549,False,"{'a': 0.001, 'e': 0.028753378661002135}",20,13,15.203851929542672,"{0: 7, 1: 0, 2: 0, 3: 0, 4: 0}",1
3550,False,"{'a': 0.001, 'e': 0.028724639654239423}",20,8,24.11350957395883,"{0: 12, 1: 0, 2: 0, 3: 0, 4: 0}",1
3551,False,"{'a': 0.001, 'e': 0.02869592937211877}",25,9,28.277900910060257,"{0: 16, 1: 0, 2: 0, 3: 0, 4: 0}",1
3552,False,"{'a': 0.001, 'e': 0.02866724778592988}",20,0,32.91913465749407,"{0: 20, 1: 0, 2: 0, 3: 0, 4: 0}",0
3553,False,"{'a': 0.001, 'e': 0.028638594866991166}",20,15,10.261478897297778,"{0: 5, 1: 0, 2: 0, 3: 0, 4: 0}",1
3554,False,"{'a': 0.001, 'e': 0.028609970586649693}",20,3,24.37924455661901,"{0: 17, 1: 0, 2: 0, 3: 0, 4: 0}",1
3555,False,"{'a': 0.001, 'e': 0.028581374916281203}",35,21,28.7400884429452,"{0: 14, 1: 0, 2: 0, 3: 0, 4: 0}",1
3556,False,"{'a': 0.001, 'e': 0.02855280782729001}",25,15,4.784538586225932,"{0: 9, 1: 0, 2: 1, 3: 0, 4: 0}",1
3557,False,"{'a': 0.001, 'e': 0.028524269291109027}",25,4,35.61217467531317,"{0: 21, 1: 0, 2: 0, 3: 0, 4: 0}",1
3558,False,"{'a': 0.001, 'e': 0.028495759279199697}",25,15,18.725640221466538,"{0: 10, 1: 0, 2: 0, 3: 0, 4: 0}",1
3559,False,"{'a': 0.001, 'e': 0.028467277763052034}",30,19,17.19810155437376,"{0: 11, 1: 0, 2: 0, 3: 0, 4: 0}",1
3560,False,"{'a': 0.001, 'e': 0.028438824714184505}",30,10,30.94717360679821,"{0: 20, 1: 0, 2: 0, 3: 0, 4: 0}",1
3561,False,"{'a': 0.001, 'e': 0.02841040010414406}",20,8,20.090605863743082,"{0: 12, 1: 0, 2: 0, 3: 0, 4: 0}",1
3562,False,"{'a': 0.001, 'e': 0.028382003904506077}",25,15,9.819294392057634,"{0: 9, 1: 0, 2: 1, 3: 0, 4: 0}",1
3563,False,"{'a': 0.001, 'e': 0.028353636086874374}",35,21,10.121599827064673,"{0: 13, 1: 0, 2: 1, 3: 0, 4: 0}",1
3564,False,"{'a': 0.001, 'e': 0.02832529662288112}",25,12,28.01167911600632,"{0: 13, 1: 0, 2: 0, 3: 0, 4: 0}",1
3565,False,"{'a': 0.001, 'e': 0.028296985484186854}",20,12,16.342557780416495,"{0: 8, 1: 0, 2: 0, 3: 0, 4: 0}",1
3566,False,"{'a': 0.001, 'e': 0.028268702642480412}",30,24,11.703057105064008,"{0: 6, 1: 0, 2: 0, 3: 0, 4: 0}",1
3567,False,"{'a': 0.001, 'e': 0.028240448069478983}",25,16,4.25701325539662,"{0: 8, 1: 0, 2: 1, 3: 0, 4: 0}",1
3568,False,"{'a': 0.001, 'e': 0.02821222173692798}",25,11,27.595979103836616,"{0: 14, 1: 0, 2: 0, 3: 0, 4: 0}",1
3569,False,"{'a': 0.001, 'e': 0.02818402361660106}",20,14,13.110361490109826,"{0: 6, 1: 0, 2: 0, 3: 0, 4: 0}",1
3570,False,"{'a': 0.001, 'e': 0.028155853680300096}",20,13,-12.735676646195408,"{0: 6, 1: 0, 2: 0, 3: 1, 4: 0}",1
3571,False,"{'a': 0.001, 'e': 0.02812771189985517}",20,8,20.509338224441613,"{0: 12, 1: 0, 2: 0, 3: 0, 4: 0}",1
3572,False,"{'a': 0.001, 'e': 0.028099598247124487}",20,10,19.550938469836463,"{0: 10, 1: 0, 2: 0, 3: 0, 4: 0}",1
3573,False,"{'a': 0.001, 'e': 0.028071512693994393}",25,11,22.418472626063366,"{0: 14, 1: 0, 2: 0, 3: 0, 4: 0}",1
3574,False,"{'a': 0.001, 'e': 0.02804345521237932}",20,10,18.872939057075225,"{0: 10, 1: 0, 2: 0, 3: 0, 4: 0}",1
3575,False,"{'a': 0.001, 'e': 0.028015425774221808}",20,14,12.846751519904137,"{0: 6, 1: 0, 2: 0, 3: 0, 4: 0}",1
3576,False,"{'a': 0.001, 'e': 0.027987424351492405}",25,0,-4.4656490961095265,"{0: 24, 1: 0, 2: 0, 3: 0, 4: 1}",0
3577,False,"{'a': 0.001, 'e': 0.027959450916189687}",25,16,17.389076402310565,"{0: 9, 1: 0, 2: 0, 3: 0, 4: 0}",1
3578,False,"{'a': 0.001, 'e': 0.027931505440340204}",20,10,16.46019450162976,"{0: 10, 1: 0, 2: 0, 3: 0, 4: 0}",1
3579,False,"{'a': 0.001, 'e': 0.027903587895998498}",35,15,42.02138169332974,"{0: 20, 1: 0, 2: 0, 3: 0, 4: 0}",1
3580,False,"{'a': 0.001, 'e': 0.027875698255247015}",20,14,9.579483579981863,"{0: 6, 1: 0, 2: 0, 3: 0, 4: 0}",1
3581,False,"{'a': 0.001, 'e': 0.02784783649019611}",30,11,24.627285751419105,"{0: 18, 1: 0, 2: 1, 3: 0, 4: 0}",1
3582,False,"{'a': 0.001, 'e': 0.027820002572984004}",20,13,13.364070069616936,"{0: 7, 1: 0, 2: 0, 3: 0, 4: 0}",1
3583,False,"{'a': 0.001, 'e': 0.0277921964757768}",35,24,23.905962681920506,"{0: 11, 1: 0, 2: 0, 3: 0, 4: 0}",1
3584,False,"{'a': 0.001, 'e': 0.02776441817076839}",30,20,16.61674485790992,"{0: 10, 1: 0, 2: 0, 3: 0, 4: 0}",1
3585,False,"{'a': 0.001, 'e': 0.027736667630180466}",20,11,-1.451182452796452,"{0: 8, 1: 0, 2: 0, 3: 1, 4: 0}",1
3586,False,"{'a': 0.001, 'e': 0.02770894482626248}",25,13,24.431699327910746,"{0: 12, 1: 0, 2: 0, 3: 0, 4: 0}",1
3587,False,"{'a': 0.001, 'e': 0.02768124973129162}",25,7,31.50271042750085,"{0: 18, 1: 0, 2: 0, 3: 0, 4: 0}",1
3588,False,"{'a': 0.001, 'e': 0.027653582317572808}",20,16,6.808269651348411,"{0: 4, 1: 0, 2: 0, 3: 0, 4: 0}",1
3589,False,"{'a': 0.001, 'e': 0.027625942557438617}",20,0,32.65452580628404,"{0: 20, 1: 0, 2: 0, 3: 0, 4: 0}",0
3590,False,"{'a': 0.001, 'e': 0.027598330423249287}",25,11,24.467882531346305,"{0: 14, 1: 0, 2: 0, 3: 0, 4: 0}",1
3591,False,"{'a': 0.001, 'e': 0.02757074588739267}",30,10,33.29301921786356,"{0: 20, 1: 0, 2: 0, 3: 0, 4: 0}",1
3592,False,"{'a': 0.001, 'e': 0.02754318892228425}",20,16,9.0523037904739,"{0: 4, 1: 0, 2: 0, 3: 0, 4: 0}",1
3593,False,"{'a': 0.001, 'e': 0.027515659500367044}",20,12,13.008644782112782,"{0: 8, 1: 0, 2: 0, 3: 0, 4: 0}",1
3594,False,"{'a': 0.001, 'e': 0.027488157594111634}",30,19,23.169516501052655,"{0: 11, 1: 0, 2: 0, 3: 0, 4: 0}",1
3595,False,"{'a': 0.001, 'e': 0.027460683176016094}",20,13,13.14758846280176,"{0: 7, 1: 0, 2: 0, 3: 0, 4: 0}",1
3596,False,"{'a': 0.001, 'e': 0.027433236218606032}",25,14,-4.077066440560706,"{0: 10, 1: 0, 2: 0, 3: 1, 4: 0}",1
3597,False,"{'a': 0.001, 'e': 0.027405816694434475}",30,14,5.498676736500414,"{0: 14, 1: 0, 2: 2, 3: 0, 4: 0}",1
3598,False,"{'a': 0.001, 'e': 0.027378424576081896}",30,9,39.98045697861956,"{0: 21, 1: 0, 2: 0, 3: 0, 4: 0}",1
3599,False,"{'a': 0.001, 'e': 0.027351059836156166}",25,20,11.458272908026904,"{0: 5, 1: 0, 2: 0, 3: 0, 4: 0}",1
3600,False,"{'a': 0.001, 'e': 0.02732372244729256}",30,7,42.646321892879314,"{0: 23, 1: 0, 2: 0, 3: 0, 4: 0}",1
3601,False,"{'a': 0.001, 'e': 0.027296412382153676}",20,8,20.823265772386467,"{0: 12, 1: 0, 2: 0, 3: 0, 4: 0}",1
3602,False,"{'a': 0.001, 'e': 0.027269129613429453}",20,15,11.485067892654772,"{0: 5, 1: 0, 2: 0, 3: 0, 4: 0}",1
3603,False,"{'a': 0.001, 'e': 0.027241874113837102}",20,2,27.551840270472347,"{0: 18, 1: 0, 2: 0, 3: 0, 4: 0}",1
3604,False,"{'a': 0.001, 'e': 0.027214645856121145}",25,11,26.351237440123548,"{0: 14, 1: 0, 2: 0, 3: 0, 4: 0}",1
3605,False,"{'a': 0.001, 'e': 0.027187444813053317}",25,19,12.714275131664127,"{0: 6, 1: 0, 2: 0, 3: 0, 4: 0}",1
3606,False,"{'a': 0.001, 'e': 0.027160270957432564}",35,18,38.040942387765014,"{0: 17, 1: 0, 2: 0, 3: 0, 4: 0}",1
3607,False,"{'a': 0.001, 'e': 0.027133124262085022}",25,12,24.98215253756178,"{0: 13, 1: 0, 2: 0, 3: 0, 4: 0}",1
3608,False,"{'a': 0.001, 'e': 0.027106004699864013}",20,12,14.40746637353855,"{0: 8, 1: 0, 2: 0, 3: 0, 4: 0}",1
3609,False,"{'a': 0.001, 'e': 0.027078912243649965}",20,14,1.1574461892381076,"{0: 5, 1: 0, 2: 1, 3: 0, 4: 0}",1
3610,False,"{'a': 0.001, 'e': 0.027051846866350416}",20,16,6.2540799297539635,"{0: 4, 1: 0, 2: 0, 3: 0, 4: 0}",1
3611,False,"{'a': 0.001, 'e': 0.027024808540899975}",25,17,17.79717122567059,"{0: 8, 1: 0, 2: 0, 3: 0, 4: 0}",1
3612,False,"{'a': 0.001, 'e': 0.02699779724026034}",20,0,31.84804061825619,"{0: 20, 1: 0, 2: 0, 3: 0, 4: 0}",0
3613,False,"{'a': 0.001, 'e': 0.026970812937420194}",30,19,0.6804606773795763,"{0: 9, 1: 1, 2: 1, 3: 0, 4: 0}",1
3614,False,"{'a': 0.001, 'e': 0.026943855605395233}",20,12,12.159331893361133,"{0: 8, 1: 0, 2: 0, 3: 0, 4: 0}",1
3615,False,"{'a': 0.001, 'e': 0.026916925217228112}",20,8,15.286797251014438,"{0: 11, 1: 1, 2: 0, 3: 0, 4: 0}",1
3616,False,"{'a': 0.001, 'e': 0.026890021745988462}",20,1,34.227358914830866,"{0: 19, 1: 0, 2: 0, 3: 0, 4: 0}",1
3617,False,"{'a': 0.001, 'e': 0.026863145164772798}",20,0,29.517189100204405,"{0: 20, 1: 0, 2: 0, 3: 0, 4: 0}",1
3618,False,"{'a': 0.001, 'e': 0.02683629544670454}",30,18,24.959340347078527,"{0: 12, 1: 0, 2: 0, 3: 0, 4: 0}",1
3619,False,"{'a': 0.001, 'e': 0.02680947256493395}",20,9,21.515310679342505,"{0: 11, 1: 0, 2: 0, 3: 0, 4: 0}",1
3620,False,"{'a': 0.001, 'e': 0.026782676492638175}",20,10,18.374783240958358,"{0: 10, 1: 0, 2: 0, 3: 0, 4: 0}",1
3621,False,"{'a': 0.001, 'e': 0.026755907203021123}",20,16,6.030237138473955,"{0: 4, 1: 0, 2: 0, 3: 0, 4: 0}",1
3622,False,"{'a': 0.001, 'e': 0.0267291646693135}",30,9,12.652559590329355,"{0: 19, 1: 0, 2: 2, 3: 0, 4: 0}",1
3623,False,"{'a': 0.001, 'e': 0.026702448864772767}",30,17,22.923300330356124,"{0: 13, 1: 0, 2: 0, 3: 0, 4: 0}",1
3624,False,"{'a': 0.001, 'e': 0.026675759762683132}",20,10,18.326339361008447,"{0: 10, 1: 0, 2: 0, 3: 0, 4: 0}",1
3625,False,"{'a': 0.001, 'e': 0.026649097336355485}",30,18,25.488152498208557,"{0: 12, 1: 0, 2: 0, 3: 0, 4: 0}",1
3626,False,"{'a': 0.001, 'e': 0.026622461559127397}",20,9,19.85907949374979,"{0: 11, 1: 0, 2: 0, 3: 0, 4: 0}",1
3627,False,"{'a': 0.001, 'e': 0.02659585240436307}",20,12,15.809174408063344,"{0: 8, 1: 0, 2: 0, 3: 0, 4: 0}",1
3628,False,"{'a': 0.001, 'e': 0.02656926984545338}",25,17,15.508684766151017,"{0: 8, 1: 0, 2: 0, 3: 0, 4: 0}",1
3629,False,"{'a': 0.001, 'e': 0.026542713855815747}",25,15,16.00292230266038,"{0: 10, 1: 0, 2: 0, 3: 0, 4: 0}",1
3630,False,"{'a': 0.001, 'e': 0.02651618440889418}",30,11,32.33208921500831,"{0: 19, 1: 0, 2: 0, 3: 0, 4: 0}",1
3631,False,"{'a': 0.001, 'e': 0.026489681478159225}",20,13,14.469855912664213,"{0: 7, 1: 0, 2: 0, 3: 0, 4: 0}",1
3632,False,"{'a': 0.001, 'e': 0.026463205037107963}",25,18,10.757163383439197,"{0: 7, 1: 0, 2: 0, 3: 0, 4: 0}",1
3633,False,"{'a': 0.001, 'e': 0.026436755059263944}",35,15,35.878069313291995,"{0: 20, 1: 0, 2: 0, 3: 0, 4: 0}",1
3634,False,"{'a': 0.001, 'e': 0.026410331518177187}",30,19,21.588682086228,"{0: 11, 1: 0, 2: 0, 3: 0, 4: 0}",1
3635,False,"{'a': 0.001, 'e': 0.02638393438742414}",20,14,11.127058147563487,"{0: 6, 1: 0, 2: 0, 3: 0, 4: 0}",1
3636,False,"{'a': 0.001, 'e': 0.02635756364060769}",20,14,12.280848706228497,"{0: 6, 1: 0, 2: 0, 3: 0, 4: 0}",1
3637,False,"{'a': 0.001, 'e': 0.026331219251357077}",25,20,12.352509313507387,"{0: 5, 1: 0, 2: 0, 3: 0, 4: 0}",1
3638,False,"{'a': 0.001, 'e': 0.026304901193327908}",30,20,19.593488488322,"{0: 10, 1: 0, 2: 0, 3: 0, 4: 0}",1
3639,False,"{'a': 0.001, 'e': 0.026278609440202112}",20,6,26.03016267451397,"{0: 14, 1: 0, 2: 0, 3: 0, 4: 0}",1
3640,False,"{'a': 0.001, 'e': 0.02625234396568796}",20,7,22.782000370767463,"{0: 13, 1: 0, 2: 0, 3: 0, 4: 0}",1
3641,False,"{'a': 0.001, 'e': 0.02622610474351996}",20,12,17.9673663644919,"{0: 8, 1: 0, 2: 0, 3: 0, 4: 0}",1
3642,False,"{'a': 0.001, 'e': 0.02619989174745889}",20,7,25.798152229138598,"{0: 13, 1: 0, 2: 0, 3: 0, 4: 0}",1
3643,False,"{'a': 0.001, 'e': 0.02617370495129174}",35,24,11.496587120154075,"{0: 10, 1: 1, 2: 0, 3: 0, 4: 0}",1
3644,False,"{'a': 0.001, 'e': 0.026147544328831734}",30,8,36.199060500426384,"{0: 22, 1: 0, 2: 0, 3: 0, 4: 0}",1
3645,False,"{'a': 0.001, 'e': 0.026121409853918233}",20,0,27.175399239446705,"{0: 20, 1: 0, 2: 0, 3: 0, 4: 0}",0
3646,False,"{'a': 0.001, 'e': 0.026095301500416765}",20,12,14.564369603413674,"{0: 8, 1: 0, 2: 0, 3: 0, 4: 0}",1
3647,False,"{'a': 0.001, 'e': 0.02606921924221896}",20,16,8.261380530668646,"{0: 4, 1: 0, 2: 0, 3: 0, 4: 0}",1
3648,False,"{'a': 0.001, 'e': 0.02604316305324258}",35,25,20.463117942658293,"{0: 10, 1: 0, 2: 0, 3: 0, 4: 0}",1
3649,False,"{'a': 0.001, 'e': 0.026017132907431427}",25,15,19.89206094055993,"{0: 10, 1: 0, 2: 0, 3: 0, 4: 0}",1
3650,False,"{'a': 0.001, 'e': 0.025991128778755347}",25,8,33.13563836120225,"{0: 17, 1: 0, 2: 0, 3: 0, 4: 0}",1
3651,False,"{'a': 0.001, 'e': 0.0259651506412102}",20,9,19.559099318381424,"{0: 11, 1: 0, 2: 0, 3: 0, 4: 0}",1
3652,False,"{'a': 0.001, 'e': 0.02593919846881787}",30,19,20.686579236980034,"{0: 11, 1: 0, 2: 0, 3: 0, 4: 0}",1
3653,False,"{'a': 0.001, 'e': 0.02591327223562617}",25,8,27.13904377060183,"{0: 17, 1: 0, 2: 0, 3: 0, 4: 0}",1
3654,False,"{'a': 0.001, 'e': 0.025887371915708866}",20,11,15.265406225735255,"{0: 9, 1: 0, 2: 0, 3: 0, 4: 0}",1
3655,False,"{'a': 0.001, 'e': 0.025861497483165623}",25,7,32.509056498455685,"{0: 18, 1: 0, 2: 0, 3: 0, 4: 0}",1
3656,False,"{'a': 0.001, 'e': 0.025835648912122026}",25,13,10.799928261719543,"{0: 11, 1: 0, 2: 1, 3: 0, 4: 0}",1
3657,False,"{'a': 0.001, 'e': 0.0258098261767295}",25,20,9.561725128731478,"{0: 5, 1: 0, 2: 0, 3: 0, 4: 0}",1
3658,False,"{'a': 0.001, 'e': 0.0257840292511653}",20,10,8.085199375410339,"{0: 9, 1: 0, 2: 1, 3: 0, 4: 0}",1
3659,False,"{'a': 0.001, 'e': 0.025758258109632486}",20,8,21.651466568721208,"{0: 12, 1: 0, 2: 0, 3: 0, 4: 0}",1
3660,False,"{'a': 0.001, 'e': 0.02573251272635994}",20,11,20.05709490944653,"{0: 9, 1: 0, 2: 0, 3: 0, 4: 0}",1
3661,False,"{'a': 0.001, 'e': 0.025706793075602266}",20,8,20.309496469909345,"{0: 12, 1: 0, 2: 0, 3: 0, 4: 0}",1
3662,False,"{'a': 0.001, 'e': 0.025681099131639813}",30,24,12.424987036496058,"{0: 6, 1: 0, 2: 0, 3: 0, 4: 0}",1
3663,False,"{'a': 0.001, 'e': 0.025655430868778615}",20,16,6.095002491517356,"{0: 4, 1: 0, 2: 0, 3: 0, 4: 0}",1
3664,False,"{'a': 0.001, 'e': 0.02562978826135044}",20,9,19.871468730258485,"{0: 11, 1: 0, 2: 0, 3: 0, 4: 0}",1
3665,False,"{'a': 0.001, 'e': 0.025604171283712656}",20,15,8.50847941430798,"{0: 5, 1: 0, 2: 0, 3: 0, 4: 0}",1
3666,False,"{'a': 0.001, 'e': 0.025578579910248294}",25,15,7.477226515837547,"{0: 9, 1: 0, 2: 1, 3: 0, 4: 0}",1
3667,False,"{'a': 0.001, 'e': 0.025553014115365962}",20,14,13.102214078792759,"{0: 6, 1: 0, 2: 0, 3: 0, 4: 0}",1
3668,False,"{'a': 0.001, 'e': 0.025527473873499885}",20,12,17.144421683664586,"{0: 8, 1: 0, 2: 0, 3: 0, 4: 0}",1
3669,False,"{'a': 0.001, 'e': 0.02550195915910981}",25,10,17.412921578836695,"{0: 14, 1: 1, 2: 0, 3: 0, 4: 0}",1
3670,False,"{'a': 0.001, 'e': 0.025476469946681016}",20,12,17.14560061955902,"{0: 8, 1: 0, 2: 0, 3: 0, 4: 0}",1
3671,False,"{'a': 0.001, 'e': 0.025451006210724283}",20,7,26.210263868947955,"{0: 13, 1: 0, 2: 0, 3: 0, 4: 0}",1
3672,False,"{'a': 0.001, 'e': 0.025425567925775893}",20,10,17.833694542658332,"{0: 9, 1: 1, 2: 0, 3: 0, 4: 0}",1
3673,False,"{'a': 0.001, 'e': 0.025400155066397548}",20,13,7.656835695433573,"{0: 6, 1: 1, 2: 0, 3: 0, 4: 0}",1
3674,False,"{'a': 0.001, 'e': 0.025374767607176385}",30,18,25.551934933707035,"{0: 12, 1: 0, 2: 0, 3: 0, 4: 0}",1
3675,False,"{'a': 0.001, 'e': 0.02534940552272493}",20,13,17.73061531909928,"{0: 7, 1: 0, 2: 0, 3: 0, 4: 0}",1
3676,False,"{'a': 0.001, 'e': 0.025324068787681127}",20,8,22.853441357147684,"{0: 12, 1: 0, 2: 0, 3: 0, 4: 0}",1
3677,False,"{'a': 0.001, 'e': 0.02529875737670822}",25,18,14.177491225921683,"{0: 7, 1: 0, 2: 0, 3: 0, 4: 0}",1
3678,False,"{'a': 0.001, 'e': 0.025273471264494796}",25,11,27.327978595678342,"{0: 14, 1: 0, 2: 0, 3: 0, 4: 0}",1
3679,False,"{'a': 0.001, 'e': 0.025248210425754734}",25,13,22.002652536958507,"{0: 12, 1: 0, 2: 0, 3: 0, 4: 0}",1
3680,False,"{'a': 0.001, 'e': 0.025222974835227212}",20,7,24.581284324193263,"{0: 13, 1: 0, 2: 0, 3: 0, 4: 0}",1
3681,False,"{'a': 0.001, 'e': 0.025197764467676628}",25,13,19.778264594273182,"{0: 12, 1: 0, 2: 0, 3: 0, 4: 0}",1
3682,False,"{'a': 0.001, 'e': 0.025172579297892607}",20,9,20.432971173807875,"{0: 11, 1: 0, 2: 0, 3: 0, 4: 0}",1
3683,False,"{'a': 0.001, 'e': 0.025147419300689974}",25,11,24.393518975255912,"{0: 14, 1: 0, 2: 0, 3: 0, 4: 0}",1
3684,False,"{'a': 0.001, 'e': 0.02512228445090875}",25,20,12.015404144324307,"{0: 5, 1: 0, 2: 0, 3: 0, 4: 0}",1
3685,False,"{'a': 0.001, 'e': 0.025097174723414068}",30,17,26.407932500115987,"{0: 13, 1: 0, 2: 0, 3: 0, 4: 0}",1
3686,False,"{'a': 0.001, 'e': 0.025072090093096203}",30,18,-4.179601777360865,"{0: 11, 1: 0, 2: 0, 3: 1, 4: 0}",1
3687,False,"{'a': 0.001, 'e': 0.025047030534870507}",20,13,15.060896654761997,"{0: 7, 1: 0, 2: 0, 3: 0, 4: 0}",1
3688,False,"{'a': 0.001, 'e': 0.025021996023677443}",35,17,36.54172731069656,"{0: 18, 1: 0, 2: 0, 3: 0, 4: 0}",1
3689,False,"{'a': 0.001, 'e': 0.024996986534482492}",35,13,41.996318129630986,"{0: 22, 1: 0, 2: 0, 3: 0, 4: 0}",1
3690,False,"{'a': 0.001, 'e': 0.024972002042276155}",20,0,36.44585672640636,"{0: 20, 1: 0, 2: 0, 3: 0, 4: 0}",0
3691,False,"{'a': 0.001, 'e': 0.024947042522073932}",20,12,16.832777682143025,"{0: 8, 1: 0, 2: 0, 3: 0, 4: 0}",1
3692,False,"{'a': 0.001, 'e': 0.02492210794891632}",20,6,21.555212458641694,"{0: 14, 1: 0, 2: 0, 3: 0, 4: 0}",1
3693,False,"{'a': 0.001, 'e': 0.024897198297868735}",20,13,13.544852859760272,"{0: 7, 1: 0, 2: 0, 3: 0, 4: 0}",1
3694,False,"{'a': 0.001, 'e': 0.024872313544021522}",25,20,6.786720358210468,"{0: 5, 1: 0, 2: 0, 3: 0, 4: 0}",1
3695,False,"{'a': 0.001, 'e': 0.024847453662489916}",25,7,30.885400510266503,"{0: 18, 1: 0, 2: 0, 3: 0, 4: 0}",1
3696,False,"{'a': 0.001, 'e': 0.02482261862841405}",25,13,25.491326362310353,"{0: 12, 1: 0, 2: 0, 3: 0, 4: 0}",1
3697,False,"{'a': 0.001, 'e': 0.024797808416958885}",25,10,29.69245288330801,"{0: 15, 1: 0, 2: 0, 3: 0, 4: 0}",1
3698,False,"{'a': 0.001, 'e': 0.0247730230033142}",20,12,19.415505467668726,"{0: 8, 1: 0, 2: 0, 3: 0, 4: 0}",1
3699,False,"{'a': 0.001, 'e': 0.024748262362694576}",25,17,14.723460165769076,"{0: 8, 1: 0, 2: 0, 3: 0, 4: 0}",1
3700,False,"{'a': 0.001, 'e': 0.024723526470339388}",25,7,32.59138241466461,"{0: 18, 1: 0, 2: 0, 3: 0, 4: 0}",1
3701,False,"{'a': 0.001, 'e': 0.024698815301512727}",20,16,8.767213350547927,"{0: 4, 1: 0, 2: 0, 3: 0, 4: 0}",1
3702,False,"{'a': 0.001, 'e': 0.02467412883150343}",25,11,24.64162193150644,"{0: 14, 1: 0, 2: 0, 3: 0, 4: 0}",1
3703,False,"{'a': 0.001, 'e': 0.024649467035625004}",20,16,8.917154017745617,"{0: 4, 1: 0, 2: 0, 3: 0, 4: 0}",1
3704,False,"{'a': 0.001, 'e': 0.024624829889215685}",25,10,29.289334755095734,"{0: 15, 1: 0, 2: 0, 3: 0, 4: 0}",1
3705,False,"{'a': 0.001, 'e': 0.024600217367638302}",20,12,17.06299777750107,"{0: 8, 1: 0, 2: 0, 3: 0, 4: 0}",1
3706,False,"{'a': 0.001, 'e': 0.02457562944628034}",30,23,10.90149712205355,"{0: 7, 1: 0, 2: 0, 3: 0, 4: 0}",1
3707,False,"{'a': 0.001, 'e': 0.02455106610055386}",25,11,13.8865692311937,"{0: 13, 1: 0, 2: 1, 3: 0, 4: 0}",1
3708,False,"{'a': 0.001, 'e': 0.024526527305895537}",20,7,26.90821727875067,"{0: 13, 1: 0, 2: 0, 3: 0, 4: 0}",1
3709,False,"{'a': 0.001, 'e': 0.024502013037766564}",20,5,27.656399056664295,"{0: 15, 1: 0, 2: 0, 3: 0, 4: 0}",1
3710,False,"{'a': 0.001, 'e': 0.02447752327165267}",20,10,18.308338252401388,"{0: 10, 1: 0, 2: 0, 3: 0, 4: 0}",1
3711,False,"{'a': 0.001, 'e': 0.02445305798306408}",25,19,14.222652029634553,"{0: 6, 1: 0, 2: 0, 3: 0, 4: 0}",1
3712,False,"{'a': 0.001, 'e': 0.024428617147535518}",25,11,24.45057605559812,"{0: 14, 1: 0, 2: 0, 3: 0, 4: 0}",1
3713,False,"{'a': 0.001, 'e': 0.02440420074062614}",20,3,19.777896033601913,"{0: 16, 1: 0, 2: 1, 3: 0, 4: 0}",1
3714,False,"{'a': 0.001, 'e': 0.024379808737919537}",20,11,19.013245272255578,"{0: 9, 1: 0, 2: 0, 3: 0, 4: 0}",1
3715,False,"{'a': 0.001, 'e': 0.024355441115023704}",20,15,6.9508151089961405,"{0: 5, 1: 0, 2: 0, 3: 0, 4: 0}",1
3716,False,"{'a': 0.001, 'e': 0.024331097847571002}",20,13,14.544668795477236,"{0: 7, 1: 0, 2: 0, 3: 0, 4: 0}",1
3717,False,"{'a': 0.001, 'e': 0.02430677891121819}",20,9,7.992507367532993,"{0: 10, 1: 0, 2: 1, 3: 0, 4: 0}",1
3718,False,"{'a': 0.001, 'e': 0.02428248428164631}",30,21,15.77075973319943,"{0: 9, 1: 0, 2: 0, 3: 0, 4: 0}",1
3719,False,"{'a': 0.001, 'e': 0.02425821393456074}",25,10,6.334558985754602,"{0: 14, 1: 0, 2: 0, 3: 1, 4: 0}",1
3720,False,"{'a': 0.001, 'e': 0.024233967845691113}",20,15,9.209095824693705,"{0: 5, 1: 0, 2: 0, 3: 0, 4: 0}",1
3721,False,"{'a': 0.001, 'e': 0.024209745990791363}",25,10,26.634574812613792,"{0: 15, 1: 0, 2: 0, 3: 0, 4: 0}",1
3722,False,"{'a': 0.001, 'e': 0.02418554834563962}",20,14,9.733875076330119,"{0: 6, 1: 0, 2: 0, 3: 0, 4: 0}",1
3723,False,"{'a': 0.001, 'e': 0.02416137488603824}",20,12,16.694052898352048,"{0: 8, 1: 0, 2: 0, 3: 0, 4: 0}",1
3724,False,"{'a': 0.001, 'e': 0.024137225587813747}",20,4,27.899356257409316,"{0: 16, 1: 0, 2: 0, 3: 0, 4: 0}",1
3725,False,"{'a': 0.001, 'e': 0.024113100426816865}",25,10,25.483423051381276,"{0: 15, 1: 0, 2: 0, 3: 0, 4: 0}",1
3726,False,"{'a': 0.001, 'e': 0.024088999378922418}",30,23,13.194763691566319,"{0: 7, 1: 0, 2: 0, 3: 0, 4: 0}",1
3727,False,"{'a': 0.001, 'e': 0.024064922420029358}",30,17,22.70596986700778,"{0: 13, 1: 0, 2: 0, 3: 0, 4: 0}",1
3728,False,"{'a': 0.001, 'e': 0.024040869526060712}",20,9,23.736716509336816,"{0: 11, 1: 0, 2: 0, 3: 0, 4: 0}",1
3729,False,"{'a': 0.001, 'e': 0.024016840672963606}",20,7,21.9417616337718,"{0: 13, 1: 0, 2: 0, 3: 0, 4: 0}",1
3730,False,"{'a': 0.001, 'e': 0.023992835836709175}",20,7,28.414809698811826,"{0: 13, 1: 0, 2: 0, 3: 0, 4: 0}",1
3731,False,"{'a': 0.001, 'e': 0.02396885499329258}",20,14,12.689623357168362,"{0: 6, 1: 0, 2: 0, 3: 0, 4: 0}",1
3732,False,"{'a': 0.001, 'e': 0.023944898118732967}",25,7,31.547657500412118,"{0: 18, 1: 0, 2: 0, 3: 0, 4: 0}",1
3733,False,"{'a': 0.001, 'e': 0.023920965189073478}",25,3,41.412046444216955,"{0: 22, 1: 0, 2: 0, 3: 0, 4: 0}",1
3734,False,"{'a': 0.001, 'e': 0.023897056180381168}",20,3,29.37620323792585,"{0: 17, 1: 0, 2: 0, 3: 0, 4: 0}",1
3735,False,"{'a': 0.001, 'e': 0.023873171068747034}",20,11,17.230025256615885,"{0: 9, 1: 0, 2: 0, 3: 0, 4: 0}",1
3736,False,"{'a': 0.001, 'e': 0.023849309830285947}",25,17,15.480352346380068,"{0: 8, 1: 0, 2: 0, 3: 0, 4: 0}",1
3737,False,"{'a': 0.001, 'e': 0.023825472441136687}",20,2,26.07904006803444,"{0: 18, 1: 0, 2: 0, 3: 0, 4: 0}",1
3738,False,"{'a': 0.001, 'e': 0.023801658877461853}",25,18,13.070103097002194,"{0: 7, 1: 0, 2: 0, 3: 0, 4: 0}",1
3739,False,"{'a': 0.001, 'e': 0.02377786911544788}",20,10,21.26389007879874,"{0: 10, 1: 0, 2: 0, 3: 0, 4: 0}",1
3740,False,"{'a': 0.001, 'e': 0.023754103131304997}",30,11,39.66778490480046,"{0: 19, 1: 0, 2: 0, 3: 0, 4: 0}",1
3741,False,"{'a': 0.001, 'e': 0.02373036090126723}",20,12,3.6952782064385508,"{0: 7, 1: 0, 2: 1, 3: 0, 4: 0}",1
3742,False,"{'a': 0.001, 'e': 0.023706642401592346}",20,13,13.506725663630483,"{0: 7, 1: 0, 2: 0, 3: 0, 4: 0}",1
3743,False,"{'a': 0.001, 'e': 0.023682947608561836}",20,16,6.120556866170618,"{0: 4, 1: 0, 2: 0, 3: 0, 4: 0}",1
3744,False,"{'a': 0.001, 'e': 0.0236592764984809}",20,14,10.521057554204369,"{0: 6, 1: 0, 2: 0, 3: 0, 4: 0}",1
3745,False,"{'a': 0.001, 'e': 0.023635629047678443}",20,11,16.236891355109638,"{0: 9, 1: 0, 2: 0, 3: 0, 4: 0}",1
3746,False,"{'a': 0.001, 'e': 0.023612005232507005}",20,11,17.15832625803024,"{0: 9, 1: 0, 2: 0, 3: 0, 4: 0}",1
3747,False,"{'a': 0.001, 'e': 0.023588405029342768}",20,10,-3.8904516930218254,"{0: 9, 1: 0, 2: 0, 3: 1, 4: 0}",1
3748,False,"{'a': 0.001, 'e': 0.02356482841458551}",30,15,28.3501340629902,"{0: 15, 1: 0, 2: 0, 3: 0, 4: 0}",1
3749,False,"{'a': 0.001, 'e': 0.023541275364658647}",20,6,24.046587689291847,"{0: 14, 1: 0, 2: 0, 3: 0, 4: 0}",1
3750,False,"{'a': 0.001, 'e': 0.023517745856009107}",20,10,17.34521493763809,"{0: 10, 1: 0, 2: 0, 3: 0, 4: 0}",1
3751,False,"{'a': 0.001, 'e': 0.023494239865107385}",25,7,33.43447593197993,"{0: 18, 1: 0, 2: 0, 3: 0, 4: 0}",1
3752,False,"{'a': 0.001, 'e': 0.023470757368447476}",20,14,10.321234514084669,"{0: 6, 1: 0, 2: 0, 3: 0, 4: 0}",1
3753,False,"{'a': 0.001, 'e': 0.0234472983425469}",25,15,18.738306358901568,"{0: 10, 1: 0, 2: 0, 3: 0, 4: 0}",1
3754,False,"{'a': 0.001, 'e': 0.023423862763946618}",35,21,22.826559591542587,"{0: 14, 1: 0, 2: 0, 3: 0, 4: 0}",1
3755,False,"{'a': 0.001, 'e': 0.023400450609211056}",20,9,20.59834590578407,"{0: 11, 1: 0, 2: 0, 3: 0, 4: 0}",1
3756,False,"{'a': 0.001, 'e': 0.023377061854928043}",20,13,14.528495794137083,"{0: 7, 1: 0, 2: 0, 3: 0, 4: 0}",1
3757,False,"{'a': 0.001, 'e': 0.02335369647770884}",25,11,29.868888210369178,"{0: 14, 1: 0, 2: 0, 3: 0, 4: 0}",1
3758,False,"{'a': 0.001, 'e': 0.023330354454188063}",20,0,32.1630540275802,"{0: 20, 1: 0, 2: 0, 3: 0, 4: 0}",0
3759,False,"{'a': 0.001, 'e': 0.023307035761023685}",35,19,27.27073511922291,"{0: 16, 1: 0, 2: 0, 3: 0, 4: 0}",1
3760,False,"{'a': 0.001, 'e': 0.023283740374897}",25,18,12.26522026007337,"{0: 7, 1: 0, 2: 0, 3: 0, 4: 0}",1
3761,False,"{'a': 0.001, 'e': 0.023260468272512637}",30,22,16.139411085920344,"{0: 8, 1: 0, 2: 0, 3: 0, 4: 0}",1
3762,False,"{'a': 0.001, 'e': 0.023237219430598487}",30,16,26.963983946480372,"{0: 14, 1: 0, 2: 0, 3: 0, 4: 0}",1
3763,False,"{'a': 0.001, 'e': 0.023213993825905707}",30,17,27.14909212525541,"{0: 13, 1: 0, 2: 0, 3: 0, 4: 0}",1
3764,False,"{'a': 0.001, 'e': 0.023190791435208673}",20,16,8.237883351210543,"{0: 4, 1: 0, 2: 0, 3: 0, 4: 0}",1
3765,False,"{'a': 0.001, 'e': 0.02316761223530502}",20,16,8.020018480940028,"{0: 4, 1: 0, 2: 0, 3: 0, 4: 0}",1
3766,False,"{'a': 0.001, 'e': 0.023144456203015532}",30,13,31.281992881175935,"{0: 17, 1: 0, 2: 0, 3: 0, 4: 0}",1
3767,False,"{'a': 0.001, 'e': 0.023121323315184173}",20,8,21.51329591541344,"{0: 12, 1: 0, 2: 0, 3: 0, 4: 0}",1
3768,False,"{'a': 0.001, 'e': 0.02309821354867805}",20,8,21.68107838559746,"{0: 12, 1: 0, 2: 0, 3: 0, 4: 0}",1
3769,False,"{'a': 0.001, 'e': 0.023075126880387407}",20,8,20.931288111145232,"{0: 12, 1: 0, 2: 0, 3: 0, 4: 0}",1
3770,False,"{'a': 0.001, 'e': 0.02305206328722557}",30,17,25.78020858699066,"{0: 13, 1: 0, 2: 0, 3: 0, 4: 0}",1
3771,False,"{'a': 0.001, 'e': 0.02302902274612894}",30,17,24.6750398546517,"{0: 13, 1: 0, 2: 0, 3: 0, 4: 0}",1
3772,False,"{'a': 0.001, 'e': 0.023006005234056964}",20,9,21.862957052307543,"{0: 11, 1: 0, 2: 0, 3: 0, 4: 0}",1
3773,False,"{'a': 0.001, 'e': 0.02298301072799215}",20,12,16.548116955743687,"{0: 8, 1: 0, 2: 0, 3: 0, 4: 0}",1
3774,False,"{'a': 0.001, 'e': 0.022960039204939983}",20,11,5.915959722950673,"{0: 8, 1: 0, 2: 1, 3: 0, 4: 0}",1
3775,False,"{'a': 0.001, 'e': 0.02293709064192893}",25,7,28.61639465439292,"{0: 17, 1: 1, 2: 0, 3: 0, 4: 0}",1
3776,False,"{'a': 0.001, 'e': 0.022914165016010422}",20,12,13.015458351277658,"{0: 8, 1: 0, 2: 0, 3: 0, 4: 0}",1
3777,False,"{'a': 0.001, 'e': 0.02289126230425885}",20,12,15.574830788563126,"{0: 8, 1: 0, 2: 0, 3: 0, 4: 0}",1
3778,False,"{'a': 0.001, 'e': 0.022868382483771488}",30,17,23.754506707798207,"{0: 13, 1: 0, 2: 0, 3: 0, 4: 0}",1
3779,False,"{'a': 0.001, 'e': 0.022845525531668517}",30,17,22.517668319181404,"{0: 13, 1: 0, 2: 0, 3: 0, 4: 0}",1
3780,False,"{'a': 0.001, 'e': 0.02282269142509297}",20,10,21.630851072193217,"{0: 10, 1: 0, 2: 0, 3: 0, 4: 0}",1
3781,False,"{'a': 0.001, 'e': 0.02279988014121076}",25,11,-16.11140780028491,"{0: 13, 1: 0, 2: 0, 3: 0, 4: 1}",1
3782,False,"{'a': 0.001, 'e': 0.022777091657210594}",20,12,15.749534575155904,"{0: 8, 1: 0, 2: 0, 3: 0, 4: 0}",1
3783,False,"{'a': 0.001, 'e': 0.02275432595030398}",30,20,17.87431963954145,"{0: 10, 1: 0, 2: 0, 3: 0, 4: 0}",1
3784,False,"{'a': 0.001, 'e': 0.022731582997725205}",20,6,28.281411561204855,"{0: 14, 1: 0, 2: 0, 3: 0, 4: 0}",1
3785,False,"{'a': 0.001, 'e': 0.022708862776731332}",25,15,16.361337273286978,"{0: 10, 1: 0, 2: 0, 3: 0, 4: 0}",1
3786,False,"{'a': 0.001, 'e': 0.022686165264602126}",20,1,29.688622832640338,"{0: 19, 1: 0, 2: 0, 3: 0, 4: 0}",1
3787,False,"{'a': 0.001, 'e': 0.022663490438640077}",20,9,23.428729751682006,"{0: 11, 1: 0, 2: 0, 3: 0, 4: 0}",1
3788,False,"{'a': 0.001, 'e': 0.022640838276170343}",30,17,22.1527834638027,"{0: 13, 1: 0, 2: 0, 3: 0, 4: 0}",1
3789,False,"{'a': 0.001, 'e': 0.022618208754540785}",20,12,16.563498947339287,"{0: 8, 1: 0, 2: 0, 3: 0, 4: 0}",1
3790,False,"{'a': 0.001, 'e': 0.022595601851121864}",20,4,31.230064603640155,"{0: 16, 1: 0, 2: 0, 3: 0, 4: 0}",1
3791,False,"{'a': 0.001, 'e': 0.022573017543306678}",20,12,15.281110659824375,"{0: 8, 1: 0, 2: 0, 3: 0, 4: 0}",1
3792,False,"{'a': 0.001, 'e': 0.022550455808510905}",20,15,11.651053893018545,"{0: 5, 1: 0, 2: 0, 3: 0, 4: 0}",1
3793,False,"{'a': 0.001, 'e': 0.02252791662417283}",25,6,29.163964779153044,"{0: 19, 1: 0, 2: 0, 3: 0, 4: 0}",1
3794,False,"{'a': 0.001, 'e': 0.02250539996775326}",25,0,-2.096885651184385,"{0: 24, 1: 0, 2: 0, 3: 0, 4: 1}",0
3795,False,"{'a': 0.001, 'e': 0.02248290581673553}",20,13,14.05015955852665,"{0: 7, 1: 0, 2: 0, 3: 0, 4: 0}",1
3796,False,"{'a': 0.001, 'e': 0.02246043414862548}",25,15,20.9232731177675,"{0: 10, 1: 0, 2: 0, 3: 0, 4: 0}",1
3797,False,"{'a': 0.001, 'e': 0.02243798494095146}",25,17,12.8247238216558,"{0: 8, 1: 0, 2: 0, 3: 0, 4: 0}",1
3798,False,"{'a': 0.001, 'e': 0.022415558171264255}",25,15,15.959606392103263,"{0: 9, 1: 1, 2: 0, 3: 0, 4: 0}",1
3799,False,"{'a': 0.001, 'e': 0.022393153817137086}",25,3,39.21847151344403,"{0: 22, 1: 0, 2: 0, 3: 0, 4: 0}",1
3800,False,"{'a': 0.001, 'e': 0.02237077185616559}",25,18,11.786980766799013,"{0: 7, 1: 0, 2: 0, 3: 0, 4: 0}",1
3801,False,"{'a': 0.001, 'e': 0.022348412265967826}",30,13,28.51161739907327,"{0: 17, 1: 0, 2: 0, 3: 0, 4: 0}",1
3802,False,"{'a': 0.001, 'e': 0.022326075024184187}",20,15,10.18884578345396,"{0: 5, 1: 0, 2: 0, 3: 0, 4: 0}",1
3803,False,"{'a': 0.001, 'e': 0.022303760108477434}",20,2,26.35937840148705,"{0: 18, 1: 0, 2: 0, 3: 0, 4: 0}",1
3804,False,"{'a': 0.001, 'e': 0.02228146749653264}",20,13,14.379148586918948,"{0: 7, 1: 0, 2: 0, 3: 0, 4: 0}",1
3805,False,"{'a': 0.001, 'e': 0.02225919716605721}",25,10,11.90065305393814,"{0: 14, 1: 0, 2: 1, 3: 0, 4: 0}",1
3806,False,"{'a': 0.001, 'e': 0.0222369490947808}",20,3,33.16490383479654,"{0: 17, 1: 0, 2: 0, 3: 0, 4: 0}",1
3807,False,"{'a': 0.001, 'e': 0.022214723260455337}",25,11,27.433732566846622,"{0: 14, 1: 0, 2: 0, 3: 0, 4: 0}",1
3808,False,"{'a': 0.001, 'e': 0.022192519640854974}",25,9,27.99249403181804,"{0: 16, 1: 0, 2: 0, 3: 0, 4: 0}",1
3809,False,"{'a': 0.001, 'e': 0.022170338213776113}",20,9,18.655692638296447,"{0: 11, 1: 0, 2: 0, 3: 0, 4: 0}",1
3810,False,"{'a': 0.001, 'e': 0.022148178957037315}",20,10,20.65825878916652,"{0: 10, 1: 0, 2: 0, 3: 0, 4: 0}",1
3811,False,"{'a': 0.001, 'e': 0.022126041848479317}",35,21,24.19401322106048,"{0: 14, 1: 0, 2: 0, 3: 0, 4: 0}",1
3812,False,"{'a': 0.001, 'e': 0.022103926865965004}",20,5,26.27548125076014,"{0: 15, 1: 0, 2: 0, 3: 0, 4: 0}",1
3813,False,"{'a': 0.001, 'e': 0.022081833987379406}",25,17,14.938763597970235,"{0: 8, 1: 0, 2: 0, 3: 0, 4: 0}",1
3814,False,"{'a': 0.001, 'e': 0.022059763190629637}",25,14,18.066693892735415,"{0: 11, 1: 0, 2: 0, 3: 0, 4: 0}",1
3815,False,"{'a': 0.001, 'e': 0.022037714453644896}",25,9,31.330602602523584,"{0: 16, 1: 0, 2: 0, 3: 0, 4: 0}",1
3816,False,"{'a': 0.001, 'e': 0.02201568775437644}",20,15,12.286787165309942,"{0: 5, 1: 0, 2: 0, 3: 0, 4: 0}",1
3817,False,"{'a': 0.001, 'e': 0.021993683070797576}",20,6,27.206987495657245,"{0: 14, 1: 0, 2: 0, 3: 0, 4: 0}",1
3818,False,"{'a': 0.001, 'e': 0.021971700380903618}",30,22,15.18857368495862,"{0: 8, 1: 0, 2: 0, 3: 0, 4: 0}",1
3819,False,"{'a': 0.001, 'e': 0.021949739662711874}",20,3,25.23237442365811,"{0: 17, 1: 0, 2: 0, 3: 0, 4: 0}",1
3820,False,"{'a': 0.001, 'e': 0.02192780089426161}",25,17,12.595321218721896,"{0: 8, 1: 0, 2: 0, 3: 0, 4: 0}",1
3821,False,"{'a': 0.001, 'e': 0.02190588405361408}",20,13,13.76671350786914,"{0: 7, 1: 0, 2: 0, 3: 0, 4: 0}",1
3822,False,"{'a': 0.001, 'e': 0.021883989118852424}",20,5,26.39533399588551,"{0: 15, 1: 0, 2: 0, 3: 0, 4: 0}",1
3823,False,"{'a': 0.001, 'e': 0.021862116068081715}",30,23,15.03445655756596,"{0: 7, 1: 0, 2: 0, 3: 0, 4: 0}",1
3824,False,"{'a': 0.001, 'e': 0.021840264879428885}",20,13,12.191274303014998,"{0: 7, 1: 0, 2: 0, 3: 0, 4: 0}",1
3825,False,"{'a': 0.001, 'e': 0.021818435531042762}",25,17,16.95978437639227,"{0: 8, 1: 0, 2: 0, 3: 0, 4: 0}",1
3826,False,"{'a': 0.001, 'e': 0.02179662800109399}",20,14,11.282436992922726,"{0: 6, 1: 0, 2: 0, 3: 0, 4: 0}",1
3827,False,"{'a': 0.001, 'e': 0.021774842267775037}",25,14,19.48436751383633,"{0: 11, 1: 0, 2: 0, 3: 0, 4: 0}",1
3828,False,"{'a': 0.001, 'e': 0.021753078309300157}",25,12,27.307344130156256,"{0: 13, 1: 0, 2: 0, 3: 0, 4: 0}",1
3829,False,"{'a': 0.001, 'e': 0.021731336103905406}",35,21,26.72423794114392,"{0: 14, 1: 0, 2: 0, 3: 0, 4: 0}",1
3830,False,"{'a': 0.001, 'e': 0.02170961562984857}",25,20,8.11861901256986,"{0: 5, 1: 0, 2: 0, 3: 0, 4: 0}",1
3831,False,"{'a': 0.001, 'e': 0.021687916865409173}",25,13,21.679417894641645,"{0: 12, 1: 0, 2: 0, 3: 0, 4: 0}",1
3832,False,"{'a': 0.001, 'e': 0.02166623978888844}",20,16,10.400201821926942,"{0: 4, 1: 0, 2: 0, 3: 0, 4: 0}",1
3833,False,"{'a': 0.001, 'e': 0.021644584378609312}",30,12,28.21257100837186,"{0: 17, 1: 1, 2: 0, 3: 0, 4: 0}",1
3834,False,"{'a': 0.001, 'e': 0.021622950612916365}",20,10,18.038210670466484,"{0: 10, 1: 0, 2: 0, 3: 0, 4: 0}",1
3835,False,"{'a': 0.001, 'e': 0.021601338470175833}",20,16,7.705687177384765,"{0: 4, 1: 0, 2: 0, 3: 0, 4: 0}",1
3836,False,"{'a': 0.001, 'e': 0.021579747928775563}",25,14,20.423457804519334,"{0: 11, 1: 0, 2: 0, 3: 0, 4: 0}",1
3837,False,"{'a': 0.001, 'e': 0.021558178967125027}",30,12,28.06013477615341,"{0: 18, 1: 0, 2: 0, 3: 0, 4: 0}",1
3838,False,"{'a': 0.001, 'e': 0.02153663156365526}",25,15,20.14071665517996,"{0: 10, 1: 0, 2: 0, 3: 0, 4: 0}",1
3839,False,"{'a': 0.001, 'e': 0.021515105696818845}",25,18,12.35177933619348,"{0: 7, 1: 0, 2: 0, 3: 0, 4: 0}",1
3840,False,"{'a': 0.001, 'e': 0.021493601345089923}",20,12,18.243455661277036,"{0: 8, 1: 0, 2: 0, 3: 0, 4: 0}",1
3841,False,"{'a': 0.001, 'e': 0.021472118486964127}",25,15,18.186532107425922,"{0: 10, 1: 0, 2: 0, 3: 0, 4: 0}",1
3842,False,"{'a': 0.001, 'e': 0.021450657100958614}",25,14,20.663395782476336,"{0: 11, 1: 0, 2: 0, 3: 0, 4: 0}",1
3843,False,"{'a': 0.001, 'e': 0.021429217165611993}",20,12,16.133678611418397,"{0: 8, 1: 0, 2: 0, 3: 0, 4: 0}",1
3844,False,"{'a': 0.001, 'e': 0.021407798659484324}",25,3,36.166705655030135,"{0: 22, 1: 0, 2: 0, 3: 0, 4: 0}",1
3845,False,"{'a': 0.001, 'e': 0.02138640156115709}",25,17,11.158138438387263,"{0: 8, 1: 0, 2: 0, 3: 0, 4: 0}",1
3846,False,"{'a': 0.001, 'e': 0.021365025849233204}",25,15,16.317963667061793,"{0: 10, 1: 0, 2: 0, 3: 0, 4: 0}",1
3847,False,"{'a': 0.001, 'e': 0.02134367150233695}",25,18,13.069176753118327,"{0: 7, 1: 0, 2: 0, 3: 0, 4: 0}",1
3848,False,"{'a': 0.001, 'e': 0.02132233849911398}",20,14,13.87813758351009,"{0: 6, 1: 0, 2: 0, 3: 0, 4: 0}",1
3849,False,"{'a': 0.001, 'e': 0.02130102681823127}",30,19,19.530141786276705,"{0: 11, 1: 0, 2: 0, 3: 0, 4: 0}",1
3850,False,"{'a': 0.001, 'e': 0.02127973643837717}",30,17,25.79903894143889,"{0: 13, 1: 0, 2: 0, 3: 0, 4: 0}",1
3851,False,"{'a': 0.001, 'e': 0.021258467338261276}",30,0,40.18673723766009,"{0: 30, 1: 0, 2: 0, 3: 0, 4: 0}",0
3852,False,"{'a': 0.001, 'e': 0.021237219496614494}",30,16,19.3730615706121,"{0: 14, 1: 0, 2: 0, 3: 0, 4: 0}",1
3853,False,"{'a': 0.001, 'e': 0.021215992892188968}",20,11,19.013851402778048,"{0: 9, 1: 0, 2: 0, 3: 0, 4: 0}",1
3854,False,"{'a': 0.001, 'e': 0.02119478750375811}",20,16,8.319712941362617,"{0: 4, 1: 0, 2: 0, 3: 0, 4: 0}",1
3855,False,"{'a': 0.001, 'e': 0.02117360331011653}",30,21,19.51479743400318,"{0: 9, 1: 0, 2: 0, 3: 0, 4: 0}",1
3856,False,"{'a': 0.001, 'e': 0.021152440290080017}",20,10,18.409877843239997,"{0: 10, 1: 0, 2: 0, 3: 0, 4: 0}",1
3857,False,"{'a': 0.001, 'e': 0.02113129842248555}",20,13,11.531027167255298,"{0: 7, 1: 0, 2: 0, 3: 0, 4: 0}",1
3858,False,"{'a': 0.001, 'e': 0.021110177686191275}",20,10,9.770275278825112,"{0: 9, 1: 1, 2: 0, 3: 0, 4: 0}",1
3859,False,"{'a': 0.001, 'e': 0.021089078060076445}",25,11,25.202461450190306,"{0: 14, 1: 0, 2: 0, 3: 0, 4: 0}",1
3860,False,"{'a': 0.001, 'e': 0.021067999523041434}",20,10,18.580823389671238,"{0: 10, 1: 0, 2: 0, 3: 0, 4: 0}",1
3861,False,"{'a': 0.001, 'e': 0.02104694205400769}",20,10,21.170994661145414,"{0: 10, 1: 0, 2: 0, 3: 0, 4: 0}",1
3862,False,"{'a': 0.001, 'e': 0.021025905631917766}",25,17,14.493165121145092,"{0: 8, 1: 0, 2: 0, 3: 0, 4: 0}",1
3863,False,"{'a': 0.001, 'e': 0.021004890235735225}",30,16,25.184212259541052,"{0: 14, 1: 0, 2: 0, 3: 0, 4: 0}",1
3864,False,"{'a': 0.001, 'e': 0.02098389584444467}",20,6,29.371243453616657,"{0: 14, 1: 0, 2: 0, 3: 0, 4: 0}",1
3865,False,"{'a': 0.001, 'e': 0.0209629224370517}",25,16,19.78154810501593,"{0: 9, 1: 0, 2: 0, 3: 0, 4: 0}",1
3866,False,"{'a': 0.001, 'e': 0.02094196999258292}",35,19,16.03392248412541,"{0: 15, 1: 0, 2: 1, 3: 0, 4: 0}",1
3867,False,"{'a': 0.001, 'e': 0.020921038490085878}",25,4,38.06143244508637,"{0: 21, 1: 0, 2: 0, 3: 0, 4: 0}",1
3868,False,"{'a': 0.001, 'e': 0.020900127908629072}",30,12,29.00091423001178,"{0: 18, 1: 0, 2: 0, 3: 0, 4: 0}",1
3869,False,"{'a': 0.001, 'e': 0.020879238227301908}",30,15,30.983500464627944,"{0: 15, 1: 0, 2: 0, 3: 0, 4: 0}",1
3870,False,"{'a': 0.001, 'e': 0.020858369425214716}",20,10,18.53252563188283,"{0: 10, 1: 0, 2: 0, 3: 0, 4: 0}",1
3871,False,"{'a': 0.001, 'e': 0.020837521481498693}",20,15,8.395791252450946,"{0: 5, 1: 0, 2: 0, 3: 0, 4: 0}",1
3872,False,"{'a': 0.001, 'e': 0.020816694375305884}",20,14,10.654598382645212,"{0: 6, 1: 0, 2: 0, 3: 0, 4: 0}",1
3873,False,"{'a': 0.001, 'e': 0.020795888085809178}",30,19,21.470389542892885,"{0: 11, 1: 0, 2: 0, 3: 0, 4: 0}",1
3874,False,"{'a': 0.001, 'e': 0.020775102592202298}",25,15,20.843120804072655,"{0: 10, 1: 0, 2: 0, 3: 0, 4: 0}",1
3875,False,"{'a': 0.001, 'e': 0.020754337873699742}",20,10,17.418885319826273,"{0: 10, 1: 0, 2: 0, 3: 0, 4: 0}",1
3876,False,"{'a': 0.001, 'e': 0.02073359390953679}",20,8,24.043910386545804,"{0: 12, 1: 0, 2: 0, 3: 0, 4: 0}",1
3877,False,"{'a': 0.001, 'e': 0.020712870678969465}",30,17,19.567735939101787,"{0: 13, 1: 0, 2: 0, 3: 0, 4: 0}",1
3878,False,"{'a': 0.001, 'e': 0.020692168161274557}",25,8,27.935945381297053,"{0: 17, 1: 0, 2: 0, 3: 0, 4: 0}",1
3879,False,"{'a': 0.001, 'e': 0.02067148633574953}",25,11,22.99513854905128,"{0: 14, 1: 0, 2: 0, 3: 0, 4: 0}",1
3880,False,"{'a': 0.001, 'e': 0.020650825181712566}",25,11,27.612143939227092,"{0: 14, 1: 0, 2: 0, 3: 0, 4: 0}",1
3881,False,"{'a': 0.001, 'e': 0.020630184678502493}",20,11,17.31654622696189,"{0: 9, 1: 0, 2: 0, 3: 0, 4: 0}",1
3882,False,"{'a': 0.001, 'e': 0.020609564805478826}",20,16,8.376443572702104,"{0: 4, 1: 0, 2: 0, 3: 0, 4: 0}",1
3883,False,"{'a': 0.001, 'e': 0.020588965542021685}",20,14,11.359709813402628,"{0: 6, 1: 0, 2: 0, 3: 0, 4: 0}",1
3884,False,"{'a': 0.001, 'e': 0.0205683868675318}",25,19,10.755595502694169,"{0: 6, 1: 0, 2: 0, 3: 0, 4: 0}",1
3885,False,"{'a': 0.001, 'e': 0.02054782876143049}",20,12,5.397916793710229,"{0: 7, 1: 0, 2: 1, 3: 0, 4: 0}",1
3886,False,"{'a': 0.001, 'e': 0.02052729120315966}",20,3,17.44548777368997,"{0: 16, 1: 0, 2: 1, 3: 0, 4: 0}",1
3887,False,"{'a': 0.001, 'e': 0.020506774172181743}",30,8,-3.0107386842387065,"{0: 21, 1: 0, 2: 0, 3: 0, 4: 1}",1
3888,False,"{'a': 0.001, 'e': 0.020486277647979705}",20,16,5.453003098317163,"{0: 4, 1: 0, 2: 0, 3: 0, 4: 0}",1
3889,False,"{'a': 0.001, 'e': 0.020465801610057018}",20,13,14.894139614912163,"{0: 7, 1: 0, 2: 0, 3: 0, 4: 0}",1
3890,False,"{'a': 0.001, 'e': 0.020445346037937653}",20,8,20.68688998553152,"{0: 12, 1: 0, 2: 0, 3: 0, 4: 0}",1
3891,False,"{'a': 0.001, 'e': 0.020424910911166032}",30,15,26.858068998594515,"{0: 15, 1: 0, 2: 0, 3: 0, 4: 0}",1
3892,False,"{'a': 0.001, 'e': 0.02040449620930702}",35,22,20.924371960373097,"{0: 13, 1: 0, 2: 0, 3: 0, 4: 0}",1
3893,False,"{'a': 0.001, 'e': 0.020384101911945913}",30,18,21.524297255989797,"{0: 12, 1: 0, 2: 0, 3: 0, 4: 0}",1
3894,False,"{'a': 0.001, 'e': 0.020363727998688425}",20,1,30.172319263876602,"{0: 19, 1: 0, 2: 0, 3: 0, 4: 0}",1
3895,False,"{'a': 0.001, 'e': 0.020343374449160633}",20,15,9.284159770019471,"{0: 5, 1: 0, 2: 0, 3: 0, 4: 0}",1
3896,False,"{'a': 0.001, 'e': 0.020323041243008984}",25,19,12.679915328304311,"{0: 6, 1: 0, 2: 0, 3: 0, 4: 0}",1
3897,False,"{'a': 0.001, 'e': 0.02030272835990026}",20,9,18.20909965838362,"{0: 11, 1: 0, 2: 0, 3: 0, 4: 0}",1
3898,False,"{'a': 0.001, 'e': 0.0202824357795216}",25,7,28.873371297688337,"{0: 18, 1: 0, 2: 0, 3: 0, 4: 0}",1
3899,False,"{'a': 0.001, 'e': 0.02026216348158041}",25,17,16.516231395945603,"{0: 8, 1: 0, 2: 0, 3: 0, 4: 0}",1
3900,False,"{'a': 0.001, 'e': 0.02024191144580439}",20,7,20.726391553194652,"{0: 13, 1: 0, 2: 0, 3: 0, 4: 0}",1
3901,False,"{'a': 0.001, 'e': 0.020221679651941493}",20,8,21.355841541974808,"{0: 12, 1: 0, 2: 0, 3: 0, 4: 0}",1
3902,False,"{'a': 0.001, 'e': 0.020201468079759942}",25,20,8.011720804876441,"{0: 5, 1: 0, 2: 0, 3: 0, 4: 0}",1
3903,False,"{'a': 0.001, 'e': 0.020181276709048155}",25,11,25.974057034369466,"{0: 14, 1: 0, 2: 0, 3: 0, 4: 0}",1
3904,False,"{'a': 0.001, 'e': 0.02016110551961476}",25,18,12.633417703501106,"{0: 7, 1: 0, 2: 0, 3: 0, 4: 0}",1
3905,False,"{'a': 0.001, 'e': 0.02014095449128855}",30,19,13.390800043900887,"{0: 10, 1: 1, 2: 0, 3: 0, 4: 0}",1
3906,False,"{'a': 0.001, 'e': 0.020120823603918526}",30,22,13.56970858041425,"{0: 8, 1: 0, 2: 0, 3: 0, 4: 0}",1
3907,False,"{'a': 0.001, 'e': 0.020100712837373778}",30,13,33.86555320587579,"{0: 17, 1: 0, 2: 0, 3: 0, 4: 0}",1
3908,False,"{'a': 0.001, 'e': 0.020080622171543543}",35,24,20.995176087280942,"{0: 11, 1: 0, 2: 0, 3: 0, 4: 0}",1
3909,False,"{'a': 0.001, 'e': 0.020060551586337145}",20,7,22.84588400625002,"{0: 13, 1: 0, 2: 0, 3: 0, 4: 0}",1
3910,False,"{'a': 0.001, 'e': 0.020040501061684014}",20,13,13.067077963638244,"{0: 7, 1: 0, 2: 0, 3: 0, 4: 0}",1
3911,False,"{'a': 0.001, 'e': 0.020020470577533613}",20,15,10.980466330798567,"{0: 5, 1: 0, 2: 0, 3: 0, 4: 0}",1
3912,False,"{'a': 0.001, 'e': 0.02000046011385546}",20,14,10.194882168686778,"{0: 6, 1: 0, 2: 0, 3: 0, 4: 0}",1
3913,False,"{'a': 0.001, 'e': 0.019980469650639078}",25,7,31.610792131763574,"{0: 18, 1: 0, 2: 0, 3: 0, 4: 0}",1
3914,False,"{'a': 0.001, 'e': 0.01996049916789402}",30,10,27.097070412090034,"{0: 20, 1: 0, 2: 0, 3: 0, 4: 0}",1
3915,False,"{'a': 0.001, 'e': 0.019940548645649796}",20,0,35.34606141681204,"{0: 20, 1: 0, 2: 0, 3: 0, 4: 0}",1
3916,False,"{'a': 0.001, 'e': 0.019920618063955876}",20,10,20.66497753489672,"{0: 10, 1: 0, 2: 0, 3: 0, 4: 0}",1
3917,False,"{'a': 0.001, 'e': 0.019900707402881673}",20,9,21.809965469724027,"{0: 11, 1: 0, 2: 0, 3: 0, 4: 0}",1
3918,False,"{'a': 0.001, 'e': 0.01988081664251654}",25,12,27.315516934353724,"{0: 13, 1: 0, 2: 0, 3: 0, 4: 0}",1
3919,False,"{'a': 0.001, 'e': 0.019860945762969703}",30,19,22.757891109075068,"{0: 11, 1: 0, 2: 0, 3: 0, 4: 0}",1
3920,False,"{'a': 0.001, 'e': 0.019841094744370288}",30,14,24.012004171865083,"{0: 16, 1: 0, 2: 0, 3: 0, 4: 0}",1
3921,False,"{'a': 0.001, 'e': 0.01982126356686726}",30,16,27.58532439899825,"{0: 14, 1: 0, 2: 0, 3: 0, 4: 0}",1
3922,False,"{'a': 0.001, 'e': 0.019801452210629462}",20,12,14.161740918197877,"{0: 8, 1: 0, 2: 0, 3: 0, 4: 0}",1
3923,False,"{'a': 0.001, 'e': 0.019781660655845523}",30,14,29.288210764737453,"{0: 16, 1: 0, 2: 0, 3: 0, 4: 0}",1
3924,False,"{'a': 0.001, 'e': 0.019761888882723885}",20,9,20.903754140001467,"{0: 11, 1: 0, 2: 0, 3: 0, 4: 0}",1
3925,False,"{'a': 0.001, 'e': 0.019742136871492774}",20,15,10.658612809561637,"{0: 5, 1: 0, 2: 0, 3: 0, 4: 0}",1
3926,False,"{'a': 0.001, 'e': 0.019722404602400184}",35,13,5.097843575192284,"{0: 21, 1: 0, 2: 0, 3: 0, 4: 1}",1
3927,False,"{'a': 0.001, 'e': 0.01970269205571384}",25,11,26.39570359262549,"{0: 14, 1: 0, 2: 0, 3: 0, 4: 0}",1
3928,False,"{'a': 0.001, 'e': 0.019682999211721196}",25,9,33.39459881885871,"{0: 16, 1: 0, 2: 0, 3: 0, 4: 0}",1
3929,False,"{'a': 0.001, 'e': 0.019663326050729395}",20,16,7.1976756369784765,"{0: 4, 1: 0, 2: 0, 3: 0, 4: 0}",1
3930,False,"{'a': 0.001, 'e': 0.019643672553065292}",25,19,11.906512274719006,"{0: 6, 1: 0, 2: 0, 3: 0, 4: 0}",1
3931,False,"{'a': 0.001, 'e': 0.019624038699075377}",20,2,26.839403389654997,"{0: 17, 1: 1, 2: 0, 3: 0, 4: 0}",1
3932,False,"{'a': 0.001, 'e': 0.0196044244691258}",30,23,12.995407234365466,"{0: 7, 1: 0, 2: 0, 3: 0, 4: 0}",1
3933,False,"{'a': 0.001, 'e': 0.019584829843602315}",20,11,15.643751366187217,"{0: 9, 1: 0, 2: 0, 3: 0, 4: 0}",1
3934,False,"{'a': 0.001, 'e': 0.019565254802910312}",20,10,19.122735351650658,"{0: 10, 1: 0, 2: 0, 3: 0, 4: 0}",1
3935,False,"{'a': 0.001, 'e': 0.019545699327474745}",20,6,27.04041626791456,"{0: 14, 1: 0, 2: 0, 3: 0, 4: 0}",1
3936,False,"{'a': 0.001, 'e': 0.019526163397740135}",30,17,24.426169531081843,"{0: 13, 1: 0, 2: 0, 3: 0, 4: 0}",1
3937,False,"{'a': 0.001, 'e': 0.01950664699417054}",20,3,19.555297685681513,"{0: 16, 1: 1, 2: 0, 3: 0, 4: 0}",1
3938,False,"{'a': 0.001, 'e': 0.01948715009724957}",20,15,7.561211146336919,"{0: 5, 1: 0, 2: 0, 3: 0, 4: 0}",1
3939,False,"{'a': 0.001, 'e': 0.019467672687480328}",25,3,36.91925052021787,"{0: 22, 1: 0, 2: 0, 3: 0, 4: 0}",1
3940,False,"{'a': 0.001, 'e': 0.01944821474538539}",30,10,34.078751129591645,"{0: 20, 1: 0, 2: 0, 3: 0, 4: 0}",1
3941,False,"{'a': 0.001, 'e': 0.019428776251506814}",35,18,32.59628574229316,"{0: 17, 1: 0, 2: 0, 3: 0, 4: 0}",1
3942,False,"{'a': 0.001, 'e': 0.019409357186406115}",25,10,29.024497984716916,"{0: 15, 1: 0, 2: 0, 3: 0, 4: 0}",1
3943,False,"{'a': 0.001, 'e': 0.01938995753066422}",25,15,18.91924498282944,"{0: 10, 1: 0, 2: 0, 3: 0, 4: 0}",1
3944,False,"{'a': 0.001, 'e': 0.01937057726488147}",30,16,31.29088873713777,"{0: 14, 1: 0, 2: 0, 3: 0, 4: 0}",1
3945,False,"{'a': 0.001, 'e': 0.01935121636967759}",20,14,11.003469669704721,"{0: 6, 1: 0, 2: 0, 3: 0, 4: 0}",1
3946,False,"{'a': 0.001, 'e': 0.019331874825691705}",35,21,28.8214685433705,"{0: 14, 1: 0, 2: 0, 3: 0, 4: 0}",1
3947,False,"{'a': 0.001, 'e': 0.019312552613582255}",20,10,16.894188201124116,"{0: 10, 1: 0, 2: 0, 3: 0, 4: 0}",1
3948,False,"{'a': 0.001, 'e': 0.019293249714027027}",20,5,24.91270932100627,"{0: 15, 1: 0, 2: 0, 3: 0, 4: 0}",1
3949,False,"{'a': 0.001, 'e': 0.01927396610772311}",25,20,10.092312728610306,"{0: 5, 1: 0, 2: 0, 3: 0, 4: 0}",1
3950,False,"{'a': 0.001, 'e': 0.01925470177538692}",20,8,21.42838926276122,"{0: 12, 1: 0, 2: 0, 3: 0, 4: 0}",1
3951,False,"{'a': 0.001, 'e': 0.01923545669775411}",20,12,14.558975062448305,"{0: 8, 1: 0, 2: 0, 3: 0, 4: 0}",1
3952,False,"{'a': 0.001, 'e': 0.019216230855579598}",30,24,11.60790000401855,"{0: 6, 1: 0, 2: 0, 3: 0, 4: 0}",1
3953,False,"{'a': 0.001, 'e': 0.019197024229637535}",30,24,13.197772994975132,"{0: 6, 1: 0, 2: 0, 3: 0, 4: 0}",1
3954,False,"{'a': 0.001, 'e': 0.01917783680072131}",20,2,-10.68681506930954,"{0: 17, 1: 0, 2: 0, 3: 0, 4: 1}",1
3955,False,"{'a': 0.001, 'e': 0.019158668549643484}",20,11,16.116240296657338,"{0: 9, 1: 0, 2: 0, 3: 0, 4: 0}",1
3956,False,"{'a': 0.001, 'e': 0.019139519457235805}",25,16,17.730270377662222,"{0: 9, 1: 0, 2: 0, 3: 0, 4: 0}",1
3957,False,"{'a': 0.001, 'e': 0.019120389504349168}",20,0,34.430420299180184,"{0: 20, 1: 0, 2: 0, 3: 0, 4: 0}",0
3958,False,"{'a': 0.001, 'e': 0.019101278671853638}",20,14,13.465128379206774,"{0: 6, 1: 0, 2: 0, 3: 0, 4: 0}",1
3959,False,"{'a': 0.001, 'e': 0.01908218694063837}",30,21,19.24535223909333,"{0: 9, 1: 0, 2: 0, 3: 0, 4: 0}",1
3960,False,"{'a': 0.001, 'e': 0.019063114291611637}",25,20,10.31284435775838,"{0: 5, 1: 0, 2: 0, 3: 0, 4: 0}",1
3961,False,"{'a': 0.001, 'e': 0.019044060705700774}",25,12,25.725057164756684,"{0: 13, 1: 0, 2: 0, 3: 0, 4: 0}",1
3962,False,"{'a': 0.001, 'e': 0.01902502616385221}",20,9,8.665806609974712,"{0: 10, 1: 0, 2: 1, 3: 0, 4: 0}",1
3963,False,"{'a': 0.001, 'e': 0.019006010647031397}",20,13,13.970793444686329,"{0: 7, 1: 0, 2: 0, 3: 0, 4: 0}",1
3964,False,"{'a': 0.001, 'e': 0.018987014136222814}",30,22,7.74374264730379,"{0: 7, 1: 1, 2: 0, 3: 0, 4: 0}",1
3965,False,"{'a': 0.001, 'e': 0.01896803661242994}",20,13,14.274647815640012,"{0: 7, 1: 0, 2: 0, 3: 0, 4: 0}",1
3966,False,"{'a': 0.001, 'e': 0.01894907805667527}",30,1,44.01770375284821,"{0: 29, 1: 0, 2: 0, 3: 0, 4: 0}",1
3967,False,"{'a': 0.001, 'e': 0.018930138450000234}",25,19,-2.518913061670043,"{0: 5, 1: 0, 2: 1, 3: 0, 4: 0}",1
3968,False,"{'a': 0.001, 'e': 0.018911217773465227}",30,19,20.415785325484467,"{0: 11, 1: 0, 2: 0, 3: 0, 4: 0}",1
3969,False,"{'a': 0.001, 'e': 0.01889231600814957}",20,16,7.512069524202829,"{0: 4, 1: 0, 2: 0, 3: 0, 4: 0}",1
3970,False,"{'a': 0.001, 'e': 0.018873433135151486}",25,15,21.308145853985657,"{0: 10, 1: 0, 2: 0, 3: 0, 4: 0}",1
3971,False,"{'a': 0.001, 'e': 0.01885456913558812}",20,15,8.293706767524956,"{0: 5, 1: 0, 2: 0, 3: 0, 4: 0}",1
3972,False,"{'a': 0.001, 'e': 0.018835723990595455}",25,13,22.081303600804112,"{0: 12, 1: 0, 2: 0, 3: 0, 4: 0}",1
3973,False,"{'a': 0.001, 'e': 0.018816897681328357}",20,8,22.23137971080555,"{0: 12, 1: 0, 2: 0, 3: 0, 4: 0}",1
3974,False,"{'a': 0.001, 'e': 0.018798090188960496}",20,11,15.822836783603597,"{0: 9, 1: 0, 2: 0, 3: 0, 4: 0}",1
3975,False,"{'a': 0.001, 'e': 0.0187793014946844}",20,12,15.782990191278119,"{0: 8, 1: 0, 2: 0, 3: 0, 4: 0}",1
3976,False,"{'a': 0.001, 'e': 0.018760531579711363}",30,11,32.57953987067701,"{0: 19, 1: 0, 2: 0, 3: 0, 4: 0}",1
3977,False,"{'a': 0.001, 'e': 0.01874178042527147}",20,13,13.974295064190853,"{0: 7, 1: 0, 2: 0, 3: 0, 4: 0}",1
3978,False,"{'a': 0.001, 'e': 0.018723048012613555}",25,20,10.33070023607018,"{0: 5, 1: 0, 2: 0, 3: 0, 4: 0}",1
3979,False,"{'a': 0.001, 'e': 0.018704334323005223}",30,18,23.914196674393636,"{0: 12, 1: 0, 2: 0, 3: 0, 4: 0}",1
3980,False,"{'a': 0.001, 'e': 0.018685639337732773}",25,14,24.617698367918603,"{0: 11, 1: 0, 2: 0, 3: 0, 4: 0}",1
3981,False,"{'a': 0.001, 'e': 0.018666963038101215}",25,13,20.559877256641126,"{0: 12, 1: 0, 2: 0, 3: 0, 4: 0}",1
3982,False,"{'a': 0.001, 'e': 0.018648305405434242}",30,20,22.52502709070734,"{0: 10, 1: 0, 2: 0, 3: 0, 4: 0}",1
3983,False,"{'a': 0.001, 'e': 0.01862966642107424}",25,13,24.015924370516505,"{0: 12, 1: 0, 2: 0, 3: 0, 4: 0}",1
3984,False,"{'a': 0.001, 'e': 0.01861104606638221}",30,18,22.664132768618373,"{0: 12, 1: 0, 2: 0, 3: 0, 4: 0}",1
3985,False,"{'a': 0.001, 'e': 0.018592444322737798}",20,13,14.213720516764068,"{0: 7, 1: 0, 2: 0, 3: 0, 4: 0}",1
3986,False,"{'a': 0.001, 'e': 0.01857386117153925}",25,18,13.839052663146802,"{0: 7, 1: 0, 2: 0, 3: 0, 4: 0}",1
3987,False,"{'a': 0.001, 'e': 0.01855529659420343}",35,21,30.06036590358373,"{0: 14, 1: 0, 2: 0, 3: 0, 4: 0}",1
3988,False,"{'a': 0.001, 'e': 0.018536750572165746}",30,18,21.07034375790287,"{0: 12, 1: 0, 2: 0, 3: 0, 4: 0}",1
3989,False,"{'a': 0.001, 'e': 0.018518223086880184}",25,15,17.235213935818066,"{0: 10, 1: 0, 2: 0, 3: 0, 4: 0}",1
3990,False,"{'a': 0.001, 'e': 0.018499714119819242}",20,6,25.312592846123643,"{0: 14, 1: 0, 2: 0, 3: 0, 4: 0}",1
3991,False,"{'a': 0.001, 'e': 0.01848122365247397}",20,11,17.58742328137894,"{0: 9, 1: 0, 2: 0, 3: 0, 4: 0}",1
3992,False,"{'a': 0.001, 'e': 0.018462751666353888}",20,12,14.517116334106502,"{0: 8, 1: 0, 2: 0, 3: 0, 4: 0}",1
3993,False,"{'a': 0.001, 'e': 0.018444298142987012}",25,13,19.280830654468662,"{0: 12, 1: 0, 2: 0, 3: 0, 4: 0}",1
3994,False,"{'a': 0.001, 'e': 0.01842586306391981}",30,20,18.481576119867974,"{0: 10, 1: 0, 2: 0, 3: 0, 4: 0}",1
3995,False,"{'a': 0.001, 'e': 0.018407446410717215}",20,12,16.51511897744029,"{0: 8, 1: 0, 2: 0, 3: 0, 4: 0}",1
3996,False,"{'a': 0.001, 'e': 0.018389048164962566}",20,14,10.945547040294523,"{0: 6, 1: 0, 2: 0, 3: 0, 4: 0}",1
3997,False,"{'a': 0.001, 'e': 0.01837066830825761}",20,13,12.891643633842044,"{0: 7, 1: 0, 2: 0, 3: 0, 4: 0}",1
3998,False,"{'a': 0.001, 'e': 0.01835230682222249}",25,14,20.329360275005822,"{0: 11, 1: 0, 2: 0, 3: 0, 4: 0}",1
3999,False,"{'a': 0.001, 'e': 0.018333963688495727}",25,17,15.158729798750633,"{0: 8, 1: 0, 2: 0, 3: 0, 4: 0}",1
4000,False,"{'a': 0.001, 'e': 0.01831563888873418}",20,16,7.755246268801055,"{0: 4, 1: 0, 2: 0, 3: 0, 4: 0}",1
4001,False,"{'a': 0.001, 'e': 0.01829733240461304}",20,6,27.784643564225735,"{0: 14, 1: 0, 2: 0, 3: 0, 4: 0}",1
4002,False,"{'a': 0.001, 'e': 0.018279044217825845}",30,17,21.771977600006622,"{0: 13, 1: 0, 2: 0, 3: 0, 4: 0}",1
4003,False,"{'a': 0.001, 'e': 0.01826077431008438}",25,8,31.224271985134042,"{0: 17, 1: 0, 2: 0, 3: 0, 4: 0}",1
4004,False,"{'a': 0.001, 'e': 0.01824252266311874}",25,11,28.40287279153154,"{0: 14, 1: 0, 2: 0, 3: 0, 4: 0}",1
4005,False,"{'a': 0.001, 'e': 0.018224289258677303}",25,12,23.280448004722444,"{0: 13, 1: 0, 2: 0, 3: 0, 4: 0}",1
4006,False,"{'a': 0.001, 'e': 0.01820607407852663}",25,13,27.07043933591787,"{0: 12, 1: 0, 2: 0, 3: 0, 4: 0}",1
4007,False,"{'a': 0.001, 'e': 0.018187877104451564}",20,14,10.60775651084741,"{0: 6, 1: 0, 2: 0, 3: 0, 4: 0}",1
4008,False,"{'a': 0.001, 'e': 0.0181696983182551}",25,14,25.237125342310833,"{0: 11, 1: 0, 2: 0, 3: 0, 4: 0}",1
4009,False,"{'a': 0.001, 'e': 0.018151537701758473}",25,11,25.52068909882082,"{0: 14, 1: 0, 2: 0, 3: 0, 4: 0}",1
4010,False,"{'a': 0.001, 'e': 0.018133395236801075}",25,13,19.906146443227684,"{0: 12, 1: 0, 2: 0, 3: 0, 4: 0}",1
4011,False,"{'a': 0.001, 'e': 0.01811527090524041}",20,9,17.128630553606186,"{0: 11, 1: 0, 2: 0, 3: 0, 4: 0}",1
4012,False,"{'a': 0.001, 'e': 0.018097164688952158}",35,25,15.923152319483325,"{0: 10, 1: 0, 2: 0, 3: 0, 4: 0}",1
4013,False,"{'a': 0.001, 'e': 0.01807907656983012}",20,16,9.24020620640701,"{0: 4, 1: 0, 2: 0, 3: 0, 4: 0}",1
4014,False,"{'a': 0.001, 'e': 0.018061006529786143}",25,0,38.25600897098288,"{0: 25, 1: 0, 2: 0, 3: 0, 4: 0}",0
4015,False,"{'a': 0.001, 'e': 0.018042954550750216}",20,16,6.270333825033408,"{0: 4, 1: 0, 2: 0, 3: 0, 4: 0}",1
4016,False,"{'a': 0.001, 'e': 0.01802492061467033}",20,15,0.9760793288006082,"{0: 4, 1: 1, 2: 0, 3: 0, 4: 0}",1
4017,False,"{'a': 0.001, 'e': 0.018006904703512558}",20,16,7.58442663398445,"{0: 4, 1: 0, 2: 0, 3: 0, 4: 0}",1
4018,False,"{'a': 0.001, 'e': 0.017988906799261007}",20,14,12.071575247841663,"{0: 6, 1: 0, 2: 0, 3: 0, 4: 0}",1
4019,False,"{'a': 0.001, 'e': 0.017970926883917736}",20,14,12.749481845813374,"{0: 6, 1: 0, 2: 0, 3: 0, 4: 0}",1
4020,False,"{'a': 0.001, 'e': 0.01795296493950285}",30,16,28.84853433981499,"{0: 14, 1: 0, 2: 0, 3: 0, 4: 0}",1
4021,False,"{'a': 0.001, 'e': 0.017935020948054412}",25,11,25.512564616566184,"{0: 14, 1: 0, 2: 0, 3: 0, 4: 0}",1
4022,False,"{'a': 0.001, 'e': 0.017917094891628405}",30,18,23.70079005974888,"{0: 12, 1: 0, 2: 0, 3: 0, 4: 0}",1
4023,False,"{'a': 0.001, 'e': 0.017899186752298794}",20,12,19.688587155713208,"{0: 8, 1: 0, 2: 0, 3: 0, 4: 0}",1
4024,False,"{'a': 0.001, 'e': 0.017881296512157415}",20,8,19.65852144503907,"{0: 12, 1: 0, 2: 0, 3: 0, 4: 0}",1
4025,False,"{'a': 0.001, 'e': 0.017863424153314034}",20,12,13.900581423352358,"{0: 8, 1: 0, 2: 0, 3: 0, 4: 0}",1
4026,False,"{'a': 0.001, 'e': 0.017845569657896316}",25,14,18.418561031224435,"{0: 11, 1: 0, 2: 0, 3: 0, 4: 0}",1
4027,False,"{'a': 0.001, 'e': 0.017827733008049722}",25,14,21.905034426080046,"{0: 11, 1: 0, 2: 0, 3: 0, 4: 0}",1
4028,False,"{'a': 0.001, 'e': 0.017809914185937626}",20,11,6.000350001366014,"{0: 8, 1: 0, 2: 1, 3: 0, 4: 0}",1
4029,False,"{'a': 0.001, 'e': 0.017792113173741214}",20,11,8.699051166983075,"{0: 8, 1: 0, 2: 1, 3: 0, 4: 0}",1
4030,False,"{'a': 0.001, 'e': 0.01777432995365944}",30,21,18.784599901613696,"{0: 9, 1: 0, 2: 0, 3: 0, 4: 0}",1
4031,False,"{'a': 0.001, 'e': 0.017756564507909123}",25,14,19.313121522174374,"{0: 11, 1: 0, 2: 0, 3: 0, 4: 0}",1
4032,False,"{'a': 0.001, 'e': 0.017738816818724773}",20,9,18.421976150234777,"{0: 11, 1: 0, 2: 0, 3: 0, 4: 0}",1
4033,False,"{'a': 0.001, 'e': 0.017721086868358722}",20,9,23.18960341178945,"{0: 11, 1: 0, 2: 0, 3: 0, 4: 0}",1
4034,False,"{'a': 0.001, 'e': 0.017703374639081032}",20,7,23.48917776315993,"{0: 13, 1: 0, 2: 0, 3: 0, 4: 0}",1
4035,False,"{'a': 0.001, 'e': 0.017685680113179437}",20,13,13.633883124398219,"{0: 7, 1: 0, 2: 0, 3: 0, 4: 0}",1
4036,False,"{'a': 0.001, 'e': 0.01766800327295943}",30,18,23.937980362292162,"{0: 12, 1: 0, 2: 0, 3: 0, 4: 0}",1
4037,False,"{'a': 0.001, 'e': 0.01765034410074419}",25,16,19.010170265402405,"{0: 9, 1: 0, 2: 0, 3: 0, 4: 0}",1
4038,False,"{'a': 0.001, 'e': 0.0176327025788745}",35,16,34.35019912511072,"{0: 19, 1: 0, 2: 0, 3: 0, 4: 0}",1
4039,False,"{'a': 0.001, 'e': 0.017615078689708876}",20,11,17.016473438615343,"{0: 9, 1: 0, 2: 0, 3: 0, 4: 0}",1
4040,False,"{'a': 0.001, 'e': 0.017597472415623393}",20,14,11.062947434039007,"{0: 6, 1: 0, 2: 0, 3: 0, 4: 0}",1
4041,False,"{'a': 0.001, 'e': 0.017579883739011794}",20,5,29.586208120333346,"{0: 15, 1: 0, 2: 0, 3: 0, 4: 0}",1
4042,False,"{'a': 0.001, 'e': 0.017562312642285412}",25,16,6.369588161048929,"{0: 8, 1: 0, 2: 1, 3: 0, 4: 0}",1
4043,False,"{'a': 0.001, 'e': 0.01754475910787312}",20,11,14.298838975445221,"{0: 9, 1: 0, 2: 0, 3: 0, 4: 0}",1
4044,False,"{'a': 0.001, 'e': 0.0175272231182214}",20,12,15.128921381190807,"{0: 8, 1: 0, 2: 0, 3: 0, 4: 0}",1
4045,False,"{'a': 0.001, 'e': 0.017509704655794274}",30,17,10.185489417675846,"{0: 12, 1: 0, 2: 1, 3: 0, 4: 0}",1
4046,False,"{'a': 0.001, 'e': 0.017492203703073247}",20,9,24.104887072916394,"{0: 11, 1: 0, 2: 0, 3: 0, 4: 0}",1
4047,False,"{'a': 0.001, 'e': 0.017474720242557397}",20,10,17.560062152618325,"{0: 10, 1: 0, 2: 0, 3: 0, 4: 0}",1
4048,False,"{'a': 0.001, 'e': 0.01745725425676323}",30,11,33.20556332453,"{0: 19, 1: 0, 2: 0, 3: 0, 4: 0}",1
4049,False,"{'a': 0.001, 'e': 0.017439805728224775}",25,7,31.26615024941811,"{0: 18, 1: 0, 2: 0, 3: 0, 4: 0}",1
4050,False,"{'a': 0.001, 'e': 0.017422374639493515}",25,3,39.09336512302299,"{0: 22, 1: 0, 2: 0, 3: 0, 4: 0}",1
4051,False,"{'a': 0.001, 'e': 0.01740496097313833}",25,15,20.786018623669495,"{0: 10, 1: 0, 2: 0, 3: 0, 4: 0}",1
4052,False,"{'a': 0.001, 'e': 0.017387564711745573}",25,13,22.66375561305255,"{0: 12, 1: 0, 2: 0, 3: 0, 4: 0}",1
4053,False,"{'a': 0.001, 'e': 0.017370185837918987}",30,16,26.204727091907024,"{0: 14, 1: 0, 2: 0, 3: 0, 4: 0}",1
4054,False,"{'a': 0.001, 'e': 0.017352824334279676}",20,5,26.5066068416935,"{0: 15, 1: 0, 2: 0, 3: 0, 4: 0}",1
4055,False,"{'a': 0.001, 'e': 0.01733548018346616}",20,11,16.94315900624934,"{0: 9, 1: 0, 2: 0, 3: 0, 4: 0}",1
4056,False,"{'a': 0.001, 'e': 0.017318153368134255}",20,4,26.853949399670366,"{0: 16, 1: 0, 2: 0, 3: 0, 4: 0}",1
4057,False,"{'a': 0.001, 'e': 0.01730084387095716}",25,1,31.776800564580803,"{0: 23, 1: 1, 2: 0, 3: 0, 4: 0}",1
4058,False,"{'a': 0.001, 'e': 0.017283551674625395}",25,16,16.151078151592248,"{0: 9, 1: 0, 2: 0, 3: 0, 4: 0}",1
4059,False,"{'a': 0.001, 'e': 0.01726627676184673}",20,13,15.702226164571144,"{0: 7, 1: 0, 2: 0, 3: 0, 4: 0}",1
4060,False,"{'a': 0.001, 'e': 0.017249019115346265}",20,0,24.794839109141922,"{0: 20, 1: 0, 2: 0, 3: 0, 4: 0}",0
4061,False,"{'a': 0.001, 'e': 0.017231778717866367}",25,16,18.199230595097827,"{0: 9, 1: 0, 2: 0, 3: 0, 4: 0}",1
4062,False,"{'a': 0.001, 'e': 0.017214555552166607}",25,13,24.050709802555538,"{0: 12, 1: 0, 2: 0, 3: 0, 4: 0}",1
4063,False,"{'a': 0.001, 'e': 0.017197349601023853}",25,15,19.05308691267968,"{0: 10, 1: 0, 2: 0, 3: 0, 4: 0}",1
4064,False,"{'a': 0.001, 'e': 0.017180160847232114}",20,11,19.11226074971404,"{0: 9, 1: 0, 2: 0, 3: 0, 4: 0}",1
4065,False,"{'a': 0.001, 'e': 0.017162989273602654}",20,12,14.121517597037254,"{0: 8, 1: 0, 2: 0, 3: 0, 4: 0}",1
4066,False,"{'a': 0.001, 'e': 0.017145834862963918}",25,13,22.6406518040223,"{0: 12, 1: 0, 2: 0, 3: 0, 4: 0}",1
4067,False,"{'a': 0.001, 'e': 0.017128697598161453}",20,13,13.224430325020368,"{0: 7, 1: 0, 2: 0, 3: 0, 4: 0}",1
4068,False,"{'a': 0.001, 'e': 0.017111577462058016}",25,19,11.384783261181548,"{0: 6, 1: 0, 2: 0, 3: 0, 4: 0}",1
4069,False,"{'a': 0.001, 'e': 0.01709447443753348}",25,15,14.747847121899614,"{0: 10, 1: 0, 2: 0, 3: 0, 4: 0}",1
4070,False,"{'a': 0.001, 'e': 0.017077388507484793}",20,15,9.579915057573432,"{0: 5, 1: 0, 2: 0, 3: 0, 4: 0}",1
4071,False,"{'a': 0.001, 'e': 0.017060319654826052}",20,10,7.512042973347842,"{0: 9, 1: 0, 2: 1, 3: 0, 4: 0}",1
4072,False,"{'a': 0.001, 'e': 0.017043267862488373}",20,10,16.06378579822864,"{0: 10, 1: 0, 2: 0, 3: 0, 4: 0}",1
4073,False,"{'a': 0.001, 'e': 0.017026233113419977}",25,13,24.861888908495477,"{0: 12, 1: 0, 2: 0, 3: 0, 4: 0}",1
4074,False,"{'a': 0.001, 'e': 0.017009215390586124}",20,3,29.572741529364286,"{0: 17, 1: 0, 2: 0, 3: 0, 4: 0}",1
4075,False,"{'a': 0.001, 'e': 0.016992214676969066}",20,2,29.871374359329018,"{0: 18, 1: 0, 2: 0, 3: 0, 4: 0}",1
4076,False,"{'a': 0.001, 'e': 0.016975230955568105}",30,18,26.59276670099355,"{0: 12, 1: 0, 2: 0, 3: 0, 4: 0}",1
4077,False,"{'a': 0.001, 'e': 0.016958264209399526}",25,12,25.967483486220736,"{0: 13, 1: 0, 2: 0, 3: 0, 4: 0}",1
4078,False,"{'a': 0.001, 'e': 0.016941314421496552}",20,16,7.935695511293794,"{0: 4, 1: 0, 2: 0, 3: 0, 4: 0}",1
4079,False,"{'a': 0.001, 'e': 0.01692438157490943}",20,15,7.8917169331927255,"{0: 5, 1: 0, 2: 0, 3: 0, 4: 0}",1
4080,False,"{'a': 0.001, 'e': 0.01690746565270528}",20,10,22.408897635946886,"{0: 10, 1: 0, 2: 0, 3: 0, 4: 0}",1
4081,False,"{'a': 0.001, 'e': 0.016890566637968184}",20,13,14.278783253301963,"{0: 7, 1: 0, 2: 0, 3: 0, 4: 0}",1
4082,False,"{'a': 0.001, 'e': 0.016873684513799156}",25,13,25.286858463687516,"{0: 12, 1: 0, 2: 0, 3: 0, 4: 0}",1
4083,False,"{'a': 0.001, 'e': 0.01685681926331603}",20,7,23.69133999501714,"{0: 13, 1: 0, 2: 0, 3: 0, 4: 0}",1
4084,False,"{'a': 0.001, 'e': 0.01683997086965357}",20,8,24.284332360613465,"{0: 12, 1: 0, 2: 0, 3: 0, 4: 0}",1
4085,False,"{'a': 0.001, 'e': 0.016823139315963402}",30,2,50.750174110747004,"{0: 28, 1: 0, 2: 0, 3: 0, 4: 0}",1
4086,False,"{'a': 0.001, 'e': 0.016806324585413937}",20,7,23.388585120429426,"{0: 13, 1: 0, 2: 0, 3: 0, 4: 0}",1
4087,False,"{'a': 0.001, 'e': 0.01678952666119047}",25,12,0.852110318281798,"{0: 12, 1: 0, 2: 0, 3: 1, 4: 0}",1
4088,False,"{'a': 0.001, 'e': 0.016772745526495048}",25,16,15.564635447902042,"{0: 9, 1: 0, 2: 0, 3: 0, 4: 0}",1
4089,False,"{'a': 0.001, 'e': 0.016755981164546553}",25,9,28.498454641757867,"{0: 16, 1: 0, 2: 0, 3: 0, 4: 0}",1
4090,False,"{'a': 0.001, 'e': 0.016739233558580632}",20,10,18.165412745839394,"{0: 10, 1: 0, 2: 0, 3: 0, 4: 0}",1
4091,False,"{'a': 0.001, 'e': 0.01672250269184965}",20,12,9.480624211283159,"{0: 7, 1: 1, 2: 0, 3: 0, 4: 0}",1
4092,False,"{'a': 0.001, 'e': 0.016705788547622755}",25,9,31.312810943034798,"{0: 16, 1: 0, 2: 0, 3: 0, 4: 0}",1
4093,False,"{'a': 0.001, 'e': 0.016689091109185813}",30,15,13.67085734998168,"{0: 14, 1: 0, 2: 1, 3: 0, 4: 0}",1
4094,False,"{'a': 0.001, 'e': 0.016672410359841357}",20,8,8.033835695899487,"{0: 11, 1: 0, 2: 1, 3: 0, 4: 0}",1
4095,False,"{'a': 0.001, 'e': 0.016655746282908664}",20,6,12.321869063487089,"{0: 13, 1: 0, 2: 1, 3: 0, 4: 0}",1
4096,False,"{'a': 0.001, 'e': 0.016639098861723624}",20,8,23.742707977273287,"{0: 12, 1: 0, 2: 0, 3: 0, 4: 0}",1
4097,False,"{'a': 0.001, 'e': 0.01662246807963884}",30,13,8.444344630772235,"{0: 16, 1: 0, 2: 0, 3: 1, 4: 0}",1
4098,False,"{'a': 0.001, 'e': 0.01660585392002353}",20,7,23.23340513894754,"{0: 13, 1: 0, 2: 0, 3: 0, 4: 0}",1
4099,False,"{'a': 0.001, 'e': 0.01658925636626351}",25,19,11.205840864399292,"{0: 6, 1: 0, 2: 0, 3: 0, 4: 0}",1
4100,False,"{'a': 0.001, 'e': 0.016572675401761255}",20,6,25.8168507048779,"{0: 14, 1: 0, 2: 0, 3: 0, 4: 0}",1
4101,False,"{'a': 0.001, 'e': 0.016556111009935766}",20,11,17.89233058687924,"{0: 9, 1: 0, 2: 0, 3: 0, 4: 0}",1
4102,False,"{'a': 0.001, 'e': 0.016539563174222668}",25,16,15.415837870825863,"{0: 9, 1: 0, 2: 0, 3: 0, 4: 0}",1
4103,False,"{'a': 0.001, 'e': 0.016523031878074135}",20,16,5.581352393797942,"{0: 4, 1: 0, 2: 0, 3: 0, 4: 0}",1
4104,False,"{'a': 0.001, 'e': 0.016506517104958845}",25,12,23.545212012106774,"{0: 13, 1: 0, 2: 0, 3: 0, 4: 0}",1
4105,False,"{'a': 0.001, 'e': 0.016490018838362035}",20,13,0.06865046256873208,"{0: 6, 1: 0, 2: 1, 3: 0, 4: 0}",1
4106,False,"{'a': 0.001, 'e': 0.01647353706178545}",30,11,34.43522007257571,"{0: 19, 1: 0, 2: 0, 3: 0, 4: 0}",1
4107,False,"{'a': 0.001, 'e': 0.016457071758747287}",25,8,34.63061541219593,"{0: 17, 1: 0, 2: 0, 3: 0, 4: 0}",1
4108,False,"{'a': 0.001, 'e': 0.01644062291278227}",20,12,12.75623639722884,"{0: 8, 1: 0, 2: 0, 3: 0, 4: 0}",1
4109,False,"{'a': 0.001, 'e': 0.016424190507441518}",20,12,14.759033945060233,"{0: 8, 1: 0, 2: 0, 3: 0, 4: 0}",1
4110,False,"{'a': 0.001, 'e': 0.016407774526292645}",20,13,15.096170628727203,"{0: 7, 1: 0, 2: 0, 3: 0, 4: 0}",1
4111,False,"{'a': 0.001, 'e': 0.016391374952919677}",25,17,14.694885782300087,"{0: 8, 1: 0, 2: 0, 3: 0, 4: 0}",1
4112,False,"{'a': 0.001, 'e': 0.01637499177092302}",20,13,8.548364410027766,"{0: 6, 1: 1, 2: 0, 3: 0, 4: 0}",1
4113,False,"{'a': 0.001, 'e': 0.01635862496391949}",25,15,18.53361825896204,"{0: 10, 1: 0, 2: 0, 3: 0, 4: 0}",1
4114,False,"{'a': 0.001, 'e': 0.016342274515542307}",20,12,14.025863319712842,"{0: 8, 1: 0, 2: 0, 3: 0, 4: 0}",1
4115,False,"{'a': 0.001, 'e': 0.016325940409440985}",20,1,32.20930652308344,"{0: 19, 1: 0, 2: 0, 3: 0, 4: 0}",1
4116,False,"{'a': 0.001, 'e': 0.01630962262928145}",25,8,30.2621059511626,"{0: 17, 1: 0, 2: 0, 3: 0, 4: 0}",1
4117,False,"{'a': 0.001, 'e': 0.016293321158745884}",30,17,21.662076541885597,"{0: 13, 1: 0, 2: 0, 3: 0, 4: 0}",1
4118,False,"{'a': 0.001, 'e': 0.016277035981532836}",20,6,25.033065968866495,"{0: 14, 1: 0, 2: 0, 3: 0, 4: 0}",1
4119,False,"{'a': 0.001, 'e': 0.016260767081357142}",35,18,31.78338232176555,"{0: 17, 1: 0, 2: 0, 3: 0, 4: 0}",1
4120,False,"{'a': 0.001, 'e': 0.01624451444194987}",25,15,16.060507890756742,"{0: 10, 1: 0, 2: 0, 3: 0, 4: 0}",1
4121,False,"{'a': 0.001, 'e': 0.016228278047058394}",30,21,18.224029260768845,"{0: 9, 1: 0, 2: 0, 3: 0, 4: 0}",1
4122,False,"{'a': 0.001, 'e': 0.016212057880446332}",25,0,39.12173921294184,"{0: 25, 1: 0, 2: 0, 3: 0, 4: 0}",0
4123,False,"{'a': 0.001, 'e': 0.016195853925893487}",20,16,6.975281913368789,"{0: 4, 1: 0, 2: 0, 3: 0, 4: 0}",1
4124,False,"{'a': 0.001, 'e': 0.01617966616719593}",20,6,25.50264657555678,"{0: 14, 1: 0, 2: 0, 3: 0, 4: 0}",1
4125,False,"{'a': 0.001, 'e': 0.016163494588165874}",35,20,28.590320391770394,"{0: 15, 1: 0, 2: 0, 3: 0, 4: 0}",1
4126,False,"{'a': 0.001, 'e': 0.016147339172631756}",25,20,11.407504298968579,"{0: 5, 1: 0, 2: 0, 3: 0, 4: 0}",1
4127,False,"{'a': 0.001, 'e': 0.01613119990443817}",20,8,19.47242887741581,"{0: 12, 1: 0, 2: 0, 3: 0, 4: 0}",1
4128,False,"{'a': 0.001, 'e': 0.016115076767445814}",25,12,27.45686497961208,"{0: 13, 1: 0, 2: 0, 3: 0, 4: 0}",1
4129,False,"{'a': 0.001, 'e': 0.016098969745531575}",30,11,32.14647047418944,"{0: 19, 1: 0, 2: 0, 3: 0, 4: 0}",1
4130,False,"{'a': 0.001, 'e': 0.016082878822588433}",20,11,14.575599082448823,"{0: 9, 1: 0, 2: 0, 3: 0, 4: 0}",1
4131,False,"{'a': 0.001, 'e': 0.01606680398252544}",30,14,32.5198779239619,"{0: 16, 1: 0, 2: 0, 3: 0, 4: 0}",1
4132,False,"{'a': 0.001, 'e': 0.016050745209267785}",20,7,20.15163627986858,"{0: 13, 1: 0, 2: 0, 3: 0, 4: 0}",1
4133,False,"{'a': 0.001, 'e': 0.01603470248675666}",20,8,21.59657013541623,"{0: 12, 1: 0, 2: 0, 3: 0, 4: 0}",1
4134,False,"{'a': 0.001, 'e': 0.016018675798949358}",30,10,31.25839616334505,"{0: 20, 1: 0, 2: 0, 3: 0, 4: 0}",1
4135,False,"{'a': 0.001, 'e': 0.016002665129819207}",25,11,25.13959471739379,"{0: 14, 1: 0, 2: 0, 3: 0, 4: 0}",1
4136,False,"{'a': 0.001, 'e': 0.0159866704633555}",25,13,23.111421361491654,"{0: 12, 1: 0, 2: 0, 3: 0, 4: 0}",1
4137,False,"{'a': 0.001, 'e': 0.015970691783563595}",30,16,32.07746924784831,"{0: 14, 1: 0, 2: 0, 3: 0, 4: 0}",1
4138,False,"{'a': 0.001, 'e': 0.015954729074464814}",30,16,26.147090861228413,"{0: 14, 1: 0, 2: 0, 3: 0, 4: 0}",1
4139,False,"{'a': 0.001, 'e': 0.015938782320096424}",20,9,24.126234198633934,"{0: 11, 1: 0, 2: 0, 3: 0, 4: 0}",1
4140,False,"{'a': 0.001, 'e': 0.015922851504511698}",25,17,16.754521209827104,"{0: 8, 1: 0, 2: 0, 3: 0, 4: 0}",1
4141,False,"{'a': 0.001, 'e': 0.015906936611779787}",30,20,17.713184566613972,"{0: 10, 1: 0, 2: 0, 3: 0, 4: 0}",1
4142,False,"{'a': 0.001, 'e': 0.015891037625985815}",20,6,23.36921077711654,"{0: 14, 1: 0, 2: 0, 3: 0, 4: 0}",1
4143,False,"{'a': 0.001, 'e': 0.015875154531230805}",20,11,16.71122144361394,"{0: 9, 1: 0, 2: 0, 3: 0, 4: 0}",1
4144,False,"{'a': 0.001, 'e': 0.015859287311631637}",25,0,40.671628312795065,"{0: 25, 1: 0, 2: 0, 3: 0, 4: 0}",0
4145,False,"{'a': 0.001, 'e': 0.0158434359513211}",25,17,17.49385946350815,"{0: 8, 1: 0, 2: 0, 3: 0, 4: 0}",1
4146,False,"{'a': 0.001, 'e': 0.015827600434447853}",20,13,13.523368654268266,"{0: 7, 1: 0, 2: 0, 3: 0, 4: 0}",1
4147,False,"{'a': 0.001, 'e': 0.015811780745176342}",25,18,15.698415190940239,"{0: 7, 1: 0, 2: 0, 3: 0, 4: 0}",1
4148,False,"{'a': 0.001, 'e': 0.01579597686768691}",20,11,18.49611102054066,"{0: 9, 1: 0, 2: 0, 3: 0, 4: 0}",1
4149,False,"{'a': 0.001, 'e': 0.015780188786175646}",20,10,19.56464247801016,"{0: 10, 1: 0, 2: 0, 3: 0, 4: 0}",1
4150,False,"{'a': 0.001, 'e': 0.015764416484854486}",20,16,7.519225859218128,"{0: 4, 1: 0, 2: 0, 3: 0, 4: 0}",1
4151,False,"{'a': 0.001, 'e': 0.015748659947951136}",30,16,26.671469452142205,"{0: 14, 1: 0, 2: 0, 3: 0, 4: 0}",1
4152,False,"{'a': 0.001, 'e': 0.015732919159709032}",20,8,25.98326725031879,"{0: 12, 1: 0, 2: 0, 3: 0, 4: 0}",1
4153,False,"{'a': 0.001, 'e': 0.015717194104387402}",30,16,18.673481098342965,"{0: 13, 1: 1, 2: 0, 3: 0, 4: 0}",1
4154,False,"{'a': 0.001, 'e': 0.015701484766261195}",20,6,29.03671743352497,"{0: 14, 1: 0, 2: 0, 3: 0, 4: 0}",1
4155,False,"{'a': 0.001, 'e': 0.015685791129621054}",20,10,20.84767934898101,"{0: 10, 1: 0, 2: 0, 3: 0, 4: 0}",1
4156,False,"{'a': 0.001, 'e': 0.01567011317877336}",30,14,25.08041373244004,"{0: 16, 1: 0, 2: 0, 3: 0, 4: 0}",1
4157,False,"{'a': 0.001, 'e': 0.01565445089804014}",30,10,-11.469424667217696,"{0: 19, 1: 0, 2: 0, 3: 0, 4: 1}",1
4158,False,"{'a': 0.001, 'e': 0.015638804271759118}",20,13,13.499376303866791,"{0: 7, 1: 0, 2: 0, 3: 0, 4: 0}",1
4159,False,"{'a': 0.001, 'e': 0.01562317328428369}",25,20,9.692778498058718,"{0: 5, 1: 0, 2: 0, 3: 0, 4: 0}",1
4160,False,"{'a': 0.001, 'e': 0.01560755791998283}",30,24,13.267256780794352,"{0: 6, 1: 0, 2: 0, 3: 0, 4: 0}",1
4161,False,"{'a': 0.001, 'e': 0.015591958163241193}",20,14,9.187659804035967,"{0: 6, 1: 0, 2: 0, 3: 0, 4: 0}",1
4162,False,"{'a': 0.001, 'e': 0.015576373998459032}",25,14,18.06607338343768,"{0: 11, 1: 0, 2: 0, 3: 0, 4: 0}",1
4163,False,"{'a': 0.001, 'e': 0.015560805410052154}",25,19,12.7087784824016,"{0: 6, 1: 0, 2: 0, 3: 0, 4: 0}",1
4164,False,"{'a': 0.001, 'e': 0.015545252382451996}",20,11,12.763427320300481,"{0: 9, 1: 0, 2: 0, 3: 0, 4: 0}",1
4165,False,"{'a': 0.001, 'e': 0.015529714900105502}",25,19,11.81897249287961,"{0: 6, 1: 0, 2: 0, 3: 0, 4: 0}",1
4166,False,"{'a': 0.001, 'e': 0.015514192947475202}",20,12,18.853885436741773,"{0: 8, 1: 0, 2: 0, 3: 0, 4: 0}",1
4167,False,"{'a': 0.001, 'e': 0.015498686509039157}",25,8,27.52712285530027,"{0: 17, 1: 0, 2: 0, 3: 0, 4: 0}",1
4168,False,"{'a': 0.001, 'e': 0.015483195569290899}",25,12,27.89270274629582,"{0: 13, 1: 0, 2: 0, 3: 0, 4: 0}",1
4169,False,"{'a': 0.001, 'e': 0.015467720112739499}",25,11,23.388370549058553,"{0: 14, 1: 0, 2: 0, 3: 0, 4: 0}",1
4170,False,"{'a': 0.001, 'e': 0.015452260123909515}",25,11,19.851058912742364,"{0: 14, 1: 0, 2: 0, 3: 0, 4: 0}",1
4171,False,"{'a': 0.001, 'e': 0.01543681558734093}",20,10,17.948664140817634,"{0: 10, 1: 0, 2: 0, 3: 0, 4: 0}",1
4172,False,"{'a': 0.001, 'e': 0.015421386487589232}",20,16,8.575639589407226,"{0: 4, 1: 0, 2: 0, 3: 0, 4: 0}",1
4173,False,"{'a': 0.001, 'e': 0.015405972809225293}",25,13,18.78449066576207,"{0: 12, 1: 0, 2: 0, 3: 0, 4: 0}",1
4174,False,"{'a': 0.001, 'e': 0.015390574536835447}",20,14,10.91997554708596,"{0: 6, 1: 0, 2: 0, 3: 0, 4: 0}",1
4175,False,"{'a': 0.001, 'e': 0.015375191655021433}",25,19,11.208637341436788,"{0: 6, 1: 0, 2: 0, 3: 0, 4: 0}",1
4176,False,"{'a': 0.001, 'e': 0.015359824148400343}",20,12,16.076089771331894,"{0: 8, 1: 0, 2: 0, 3: 0, 4: 0}",1
4177,False,"{'a': 0.001, 'e': 0.015344472001604681}",20,9,20.27815466579245,"{0: 11, 1: 0, 2: 0, 3: 0, 4: 0}",1
4178,False,"{'a': 0.001, 'e': 0.015329135199282314}",25,8,32.88458247574185,"{0: 17, 1: 0, 2: 0, 3: 0, 4: 0}",1
4179,False,"{'a': 0.001, 'e': 0.015313813726096408}",30,23,12.427486838414183,"{0: 7, 1: 0, 2: 0, 3: 0, 4: 0}",1
4180,False,"{'a': 0.001, 'e': 0.015298507566725518}",20,10,18.110836743402604,"{0: 10, 1: 0, 2: 0, 3: 0, 4: 0}",1
4181,False,"{'a': 0.001, 'e': 0.015283216705863457}",25,9,30.380547534735204,"{0: 16, 1: 0, 2: 0, 3: 0, 4: 0}",1
4182,False,"{'a': 0.001, 'e': 0.015267941128219376}",20,9,20.02370487798144,"{0: 11, 1: 0, 2: 0, 3: 0, 4: 0}",1
4183,False,"{'a': 0.001, 'e': 0.015252680818517708}",20,16,9.082382075983721,"{0: 4, 1: 0, 2: 0, 3: 0, 4: 0}",1
4184,False,"{'a': 0.001, 'e': 0.015237435761498117}",20,12,15.04135634321942,"{0: 8, 1: 0, 2: 0, 3: 0, 4: 0}",1
4185,False,"{'a': 0.001, 'e': 0.015222205941915557}",25,12,26.320879486402024,"{0: 13, 1: 0, 2: 0, 3: 0, 4: 0}",1
4186,False,"{'a': 0.001, 'e': 0.015206991344540219}",20,14,11.282252798695303,"{0: 6, 1: 0, 2: 0, 3: 0, 4: 0}",1
4187,False,"{'a': 0.001, 'e': 0.015191791954157482}",30,17,27.987417957345414,"{0: 13, 1: 0, 2: 0, 3: 0, 4: 0}",1
4188,False,"{'a': 0.001, 'e': 0.015176607755567978}",30,22,13.842991235466068,"{0: 8, 1: 0, 2: 0, 3: 0, 4: 0}",1
4189,False,"{'a': 0.001, 'e': 0.01516143873358748}",30,12,32.622581316088294,"{0: 18, 1: 0, 2: 0, 3: 0, 4: 0}",1
4190,False,"{'a': 0.001, 'e': 0.01514628487304698}",30,10,34.85807228072825,"{0: 20, 1: 0, 2: 0, 3: 0, 4: 0}",1
4191,False,"{'a': 0.001, 'e': 0.015131146158792626}",20,10,-4.089782522598032,"{0: 9, 1: 0, 2: 0, 3: 1, 4: 0}",1
4192,False,"{'a': 0.001, 'e': 0.015116022575685681}",20,9,17.192404469239875,"{0: 11, 1: 0, 2: 0, 3: 0, 4: 0}",1
4193,False,"{'a': 0.001, 'e': 0.015100914108602571}",30,20,16.627141864823493,"{0: 10, 1: 0, 2: 0, 3: 0, 4: 0}",1
4194,False,"{'a': 0.001, 'e': 0.01508582074243484}",20,11,14.449629766108874,"{0: 9, 1: 0, 2: 0, 3: 0, 4: 0}",1
4195,False,"{'a': 0.001, 'e': 0.015070742462089098}",25,14,23.554960973507733,"{0: 11, 1: 0, 2: 0, 3: 0, 4: 0}",1
4196,False,"{'a': 0.001, 'e': 0.015055679252487086}",25,17,12.478641767768117,"{0: 8, 1: 0, 2: 0, 3: 0, 4: 0}",1
4197,False,"{'a': 0.001, 'e': 0.015040631098565566}",20,12,13.32108294723773,"{0: 8, 1: 0, 2: 0, 3: 0, 4: 0}",1
4198,False,"{'a': 0.001, 'e': 0.0150255979852764}",20,12,17.839175520781666,"{0: 8, 1: 0, 2: 0, 3: 0, 4: 0}",1
4199,False,"{'a': 0.001, 'e': 0.015010579897586484}",25,20,7.618098937909432,"{0: 5, 1: 0, 2: 0, 3: 0, 4: 0}",1
4200,False,"{'a': 0.001, 'e': 0.014995576820477703}",20,13,10.333850810690896,"{0: 7, 1: 0, 2: 0, 3: 0, 4: 0}",1
4201,False,"{'a': 0.001, 'e': 0.014980588738946993}",30,16,29.162805530715257,"{0: 14, 1: 0, 2: 0, 3: 0, 4: 0}",1
4202,False,"{'a': 0.001, 'e': 0.014965615638006283}",20,10,18.520051145882476,"{0: 10, 1: 0, 2: 0, 3: 0, 4: 0}",1
4203,False,"{'a': 0.001, 'e': 0.014950657502682445}",20,6,23.681310757453353,"{0: 14, 1: 0, 2: 0, 3: 0, 4: 0}",1
4204,False,"{'a': 0.001, 'e': 0.014935714318017369}",20,8,20.37563829995203,"{0: 12, 1: 0, 2: 0, 3: 0, 4: 0}",1
4205,False,"{'a': 0.001, 'e': 0.014920786069067842}",25,18,12.32715355376196,"{0: 7, 1: 0, 2: 0, 3: 0, 4: 0}",1
4206,False,"{'a': 0.001, 'e': 0.014905872740905627}",20,14,11.706202068642288,"{0: 6, 1: 0, 2: 0, 3: 0, 4: 0}",1
4207,False,"{'a': 0.001, 'e': 0.01489097431861741}",25,11,26.807766065152837,"{0: 14, 1: 0, 2: 0, 3: 0, 4: 0}",1
4208,False,"{'a': 0.001, 'e': 0.014876090787304737}",20,5,24.692105542066773,"{0: 15, 1: 0, 2: 0, 3: 0, 4: 0}",1
4209,False,"{'a': 0.001, 'e': 0.014861222132084092}",20,13,14.239941706370473,"{0: 7, 1: 0, 2: 0, 3: 0, 4: 0}",1
4210,False,"{'a': 0.001, 'e': 0.014846368338086832}",20,0,32.940780539246475,"{0: 20, 1: 0, 2: 0, 3: 0, 4: 0}",0
4211,False,"{'a': 0.001, 'e': 0.014831529390459133}",25,20,8.048100007956892,"{0: 5, 1: 0, 2: 0, 3: 0, 4: 0}",1
4212,False,"{'a': 0.001, 'e': 0.014816705274362072}",20,14,12.327311431739789,"{0: 6, 1: 0, 2: 0, 3: 0, 4: 0}",1
4213,False,"{'a': 0.001, 'e': 0.01480189597497151}",20,11,18.05299700137376,"{0: 9, 1: 0, 2: 0, 3: 0, 4: 0}",1
4214,False,"{'a': 0.001, 'e': 0.014787101477478155}",35,21,22.229500879647855,"{0: 14, 1: 0, 2: 0, 3: 0, 4: 0}",1
4215,False,"{'a': 0.001, 'e': 0.014772321767087523}",20,9,20.63270947387553,"{0: 11, 1: 0, 2: 0, 3: 0, 4: 0}",1
4216,False,"{'a': 0.001, 'e': 0.014757556829019875}",30,3,36.430131073707436,"{0: 26, 1: 0, 2: 1, 3: 0, 4: 0}",1
4217,False,"{'a': 0.001, 'e': 0.014742806648510288}",25,7,31.935183124665357,"{0: 18, 1: 0, 2: 0, 3: 0, 4: 0}",1
4218,False,"{'a': 0.001, 'e': 0.014728071210808588}",20,15,8.260038210306428,"{0: 5, 1: 0, 2: 0, 3: 0, 4: 0}",1
4219,False,"{'a': 0.001, 'e': 0.014713350501179315}",20,12,13.594522824043782,"{0: 8, 1: 0, 2: 0, 3: 0, 4: 0}",1
4220,False,"{'a': 0.001, 'e': 0.014698644504901784}",25,18,13.39074613372816,"{0: 7, 1: 0, 2: 0, 3: 0, 4: 0}",1
4221,False,"{'a': 0.001, 'e': 0.014683953207269966}",30,14,27.037063806951487,"{0: 16, 1: 0, 2: 0, 3: 0, 4: 0}",1
4222,False,"{'a': 0.001, 'e': 0.014669276593592582}",25,11,23.563784820609353,"{0: 14, 1: 0, 2: 0, 3: 0, 4: 0}",1
4223,False,"{'a': 0.001, 'e': 0.014654614649193026}",20,12,15.507004848096981,"{0: 8, 1: 0, 2: 0, 3: 0, 4: 0}",1
4224,False,"{'a': 0.001, 'e': 0.014639967359409327}",20,4,26.139330117582407,"{0: 16, 1: 0, 2: 0, 3: 0, 4: 0}",1
4225,False,"{'a': 0.001, 'e': 0.014625334709594222}",20,6,25.4115289144832,"{0: 14, 1: 0, 2: 0, 3: 0, 4: 0}",1
4226,False,"{'a': 0.001, 'e': 0.01461071668511503}",25,15,21.691708158133494,"{0: 10, 1: 0, 2: 0, 3: 0, 4: 0}",1
4227,False,"{'a': 0.001, 'e': 0.014596113271353742}",20,6,25.684185751337196,"{0: 14, 1: 0, 2: 0, 3: 0, 4: 0}",1
4228,False,"{'a': 0.001, 'e': 0.014581524453706954}",25,17,18.36400133244894,"{0: 8, 1: 0, 2: 0, 3: 0, 4: 0}",1
4229,False,"{'a': 0.001, 'e': 0.014566950217585823}",30,19,19.32478896400443,"{0: 11, 1: 0, 2: 0, 3: 0, 4: 0}",1
4230,False,"{'a': 0.001, 'e': 0.014552390548416123}",25,20,11.269897351541609,"{0: 5, 1: 0, 2: 0, 3: 0, 4: 0}",1
4231,False,"{'a': 0.001, 'e': 0.014537845431638198}",30,16,30.651929155936863,"{0: 14, 1: 0, 2: 0, 3: 0, 4: 0}",1
4232,False,"{'a': 0.001, 'e': 0.0145233148527069}",25,15,20.594869502792324,"{0: 10, 1: 0, 2: 0, 3: 0, 4: 0}",1
4233,False,"{'a': 0.001, 'e': 0.01450879879709168}",25,18,12.69912570227151,"{0: 7, 1: 0, 2: 0, 3: 0, 4: 0}",1
4234,False,"{'a': 0.001, 'e': 0.014494297250276454}",25,12,15.489451774045733,"{0: 12, 1: 0, 2: 1, 3: 0, 4: 0}",1
4235,False,"{'a': 0.001, 'e': 0.014479810197759686}",20,12,13.410013636580043,"{0: 8, 1: 0, 2: 0, 3: 0, 4: 0}",1
4236,False,"{'a': 0.001, 'e': 0.014465337625054335}",20,4,27.122011214821796,"{0: 16, 1: 0, 2: 0, 3: 0, 4: 0}",1
4237,False,"{'a': 0.001, 'e': 0.0144508795176878}",25,7,31.72249261707359,"{0: 18, 1: 0, 2: 0, 3: 0, 4: 0}",1
4238,False,"{'a': 0.001, 'e': 0.014436435861201989}",30,18,10.7583253732362,"{0: 11, 1: 0, 2: 1, 3: 0, 4: 0}",1
4239,False,"{'a': 0.001, 'e': 0.014422006641153255}",20,14,11.868105750859074,"{0: 6, 1: 0, 2: 0, 3: 0, 4: 0}",1
4240,False,"{'a': 0.001, 'e': 0.01440759184311235}",20,12,14.992407617847094,"{0: 8, 1: 0, 2: 0, 3: 0, 4: 0}",1
4241,False,"{'a': 0.001, 'e': 0.014393191452664503}",20,15,9.159977790961246,"{0: 5, 1: 0, 2: 0, 3: 0, 4: 0}",1
4242,False,"{'a': 0.001, 'e': 0.014378805455409293}",25,18,14.711540868795828,"{0: 7, 1: 0, 2: 0, 3: 0, 4: 0}",1
4243,False,"{'a': 0.001, 'e': 0.01436443383696074}",25,11,22.46184198002755,"{0: 14, 1: 0, 2: 0, 3: 0, 4: 0}",1
4244,False,"{'a': 0.001, 'e': 0.01435007658294723}",20,13,11.198219246883962,"{0: 7, 1: 0, 2: 0, 3: 0, 4: 0}",1
4245,False,"{'a': 0.001, 'e': 0.01433573367901149}",20,13,12.526442004443908,"{0: 7, 1: 0, 2: 0, 3: 0, 4: 0}",1
4246,False,"{'a': 0.001, 'e': 0.01432140511081062}",20,16,7.871705945713695,"{0: 4, 1: 0, 2: 0, 3: 0, 4: 0}",1
4247,False,"{'a': 0.001, 'e': 0.014307090864016068}",20,15,8.836053537417202,"{0: 5, 1: 0, 2: 0, 3: 0, 4: 0}",1
4248,False,"{'a': 0.001, 'e': 0.014292790924313561}",20,14,12.51973818436289,"{0: 6, 1: 0, 2: 0, 3: 0, 4: 0}",1
4249,False,"{'a': 0.001, 'e': 0.01427850527740318}",25,18,12.950778020267759,"{0: 7, 1: 0, 2: 0, 3: 0, 4: 0}",1
4250,False,"{'a': 0.001, 'e': 0.014264233908999256}",20,5,23.86317597911152,"{0: 15, 1: 0, 2: 0, 3: 0, 4: 0}",1
4251,False,"{'a': 0.001, 'e': 0.014249976804830427}",20,6,26.6567969639193,"{0: 14, 1: 0, 2: 0, 3: 0, 4: 0}",1
4252,False,"{'a': 0.001, 'e': 0.014235733950639606}",30,16,26.782045548070574,"{0: 14, 1: 0, 2: 0, 3: 0, 4: 0}",1
4253,False,"{'a': 0.001, 'e': 0.014221505332183906}",20,11,18.02527221431042,"{0: 9, 1: 0, 2: 0, 3: 0, 4: 0}",1
4254,False,"{'a': 0.001, 'e': 0.014207290935234726}",30,14,28.7962310178518,"{0: 16, 1: 0, 2: 0, 3: 0, 4: 0}",1
4255,False,"{'a': 0.001, 'e': 0.014193090745577676}",25,12,26.67603342787416,"{0: 13, 1: 0, 2: 0, 3: 0, 4: 0}",1
4256,False,"{'a': 0.001, 'e': 0.014178904749012544}",20,9,23.366272070633855,"{0: 11, 1: 0, 2: 0, 3: 0, 4: 0}",1
4257,False,"{'a': 0.001, 'e': 0.014164732931353353}",20,16,7.934222981888377,"{0: 4, 1: 0, 2: 0, 3: 0, 4: 0}",1
4258,False,"{'a': 0.001, 'e': 0.014150575278428262}",30,14,18.453409303169746,"{0: 15, 1: 0, 2: 1, 3: 0, 4: 0}",1
4259,False,"{'a': 0.001, 'e': 0.014136431776079627}",20,6,23.7234344118357,"{0: 14, 1: 0, 2: 0, 3: 0, 4: 0}",1
4260,False,"{'a': 0.001, 'e': 0.014122302410163962}",25,16,18.432632263895457,"{0: 9, 1: 0, 2: 0, 3: 0, 4: 0}",1
4261,False,"{'a': 0.001, 'e': 0.014108187166551869}",30,16,24.141346673710434,"{0: 14, 1: 0, 2: 0, 3: 0, 4: 0}",1
4262,False,"{'a': 0.001, 'e': 0.01409408603112812}",25,10,21.820027807706825,"{0: 14, 1: 1, 2: 0, 3: 0, 4: 0}",1
4263,False,"{'a': 0.001, 'e': 0.014079998989791587}",25,18,13.772988332466978,"{0: 7, 1: 0, 2: 0, 3: 0, 4: 0}",1
4264,False,"{'a': 0.001, 'e': 0.014065926028455205}",25,13,25.5213232862626,"{0: 12, 1: 0, 2: 0, 3: 0, 4: 0}",1
4265,False,"{'a': 0.001, 'e': 0.014051867133046037}",20,10,20.4376716475168,"{0: 10, 1: 0, 2: 0, 3: 0, 4: 0}",1
4266,False,"{'a': 0.001, 'e': 0.014037822289505161}",20,16,8.054411145656783,"{0: 4, 1: 0, 2: 0, 3: 0, 4: 0}",1
4267,False,"{'a': 0.001, 'e': 0.014023791483787743}",25,16,17.316276618702982,"{0: 9, 1: 0, 2: 0, 3: 0, 4: 0}",1
4268,False,"{'a': 0.001, 'e': 0.01400977470186299}",20,10,18.520268484140743,"{0: 10, 1: 0, 2: 0, 3: 0, 4: 0}",1
4269,False,"{'a': 0.001, 'e': 0.013995771929714095}",25,15,19.48589205223499,"{0: 10, 1: 0, 2: 0, 3: 0, 4: 0}",1
4270,False,"{'a': 0.001, 'e': 0.013981783153338296}",30,20,19.92503610530483,"{0: 10, 1: 0, 2: 0, 3: 0, 4: 0}",1
4271,False,"{'a': 0.001, 'e': 0.013967808358746827}",20,4,29.492467304525608,"{0: 16, 1: 0, 2: 0, 3: 0, 4: 0}",1
4272,False,"{'a': 0.001, 'e': 0.013953847531964868}",25,7,29.805798702777444,"{0: 18, 1: 0, 2: 0, 3: 0, 4: 0}",1
4273,False,"{'a': 0.001, 'e': 0.013939900659031617}",30,17,23.555733927170632,"{0: 13, 1: 0, 2: 0, 3: 0, 4: 0}",1
4274,False,"{'a': 0.001, 'e': 0.013925967726000174}",30,20,20.076621877879973,"{0: 10, 1: 0, 2: 0, 3: 0, 4: 0}",1
4275,False,"{'a': 0.001, 'e': 0.01391204871893762}",25,15,20.29219901514044,"{0: 10, 1: 0, 2: 0, 3: 0, 4: 0}",1
4276,False,"{'a': 0.001, 'e': 0.013898143623924953}",25,0,38.29193103658855,"{0: 25, 1: 0, 2: 0, 3: 0, 4: 0}",0
4277,False,"{'a': 0.001, 'e': 0.013884252427057056}",20,8,20.9040084177901,"{0: 12, 1: 0, 2: 0, 3: 0, 4: 0}",1
4278,False,"{'a': 0.001, 'e': 0.013870375114442744}",25,13,22.47597163474449,"{0: 12, 1: 0, 2: 0, 3: 0, 4: 0}",1
4279,False,"{'a': 0.001, 'e': 0.013856511672204716}",25,10,27.941280580254947,"{0: 15, 1: 0, 2: 0, 3: 0, 4: 0}",1
4280,False,"{'a': 0.001, 'e': 0.013842662086479501}",20,6,22.84941304070564,"{0: 14, 1: 0, 2: 0, 3: 0, 4: 0}",1
4281,False,"{'a': 0.001, 'e': 0.01382882634341754}",25,13,23.809065332012437,"{0: 12, 1: 0, 2: 0, 3: 0, 4: 0}",1
4282,False,"{'a': 0.001, 'e': 0.01381500442918306}",30,4,36.46373157730956,"{0: 26, 1: 0, 2: 0, 3: 0, 4: 0}",1
4283,False,"{'a': 0.001, 'e': 0.013801196329954161}",25,15,20.525086331462997,"{0: 10, 1: 0, 2: 0, 3: 0, 4: 0}",1
4284,False,"{'a': 0.001, 'e': 0.013787402031922757}",20,7,21.138026829231112,"{0: 13, 1: 0, 2: 0, 3: 0, 4: 0}",1
4285,False,"{'a': 0.001, 'e': 0.013773621521294518}",20,14,10.858808910985076,"{0: 6, 1: 0, 2: 0, 3: 0, 4: 0}",1
4286,False,"{'a': 0.001, 'e': 0.01375985478428895}",25,10,27.10620903111036,"{0: 15, 1: 0, 2: 0, 3: 0, 4: 0}",1
4287,False,"{'a': 0.001, 'e': 0.013746101807139326}",20,15,9.795119622132741,"{0: 5, 1: 0, 2: 0, 3: 0, 4: 0}",1
4288,False,"{'a': 0.001, 'e': 0.01373236257609264}",25,18,12.909241969005443,"{0: 7, 1: 0, 2: 0, 3: 0, 4: 0}",1
4289,False,"{'a': 0.001, 'e': 0.013718637077409689}",20,6,23.428435485376543,"{0: 14, 1: 0, 2: 0, 3: 0, 4: 0}",1
4290,False,"{'a': 0.001, 'e': 0.013704925297364945}",20,10,18.766006791247953,"{0: 10, 1: 0, 2: 0, 3: 0, 4: 0}",1
4291,False,"{'a': 0.001, 'e': 0.013691227222246641}",30,8,42.571401882524185,"{0: 22, 1: 0, 2: 0, 3: 0, 4: 0}",1
4292,False,"{'a': 0.001, 'e': 0.013677542838356711}",25,7,33.06149611261696,"{0: 18, 1: 0, 2: 0, 3: 0, 4: 0}",1
4293,False,"{'a': 0.001, 'e': 0.01366387213201075}",20,10,18.125561463931387,"{0: 10, 1: 0, 2: 0, 3: 0, 4: 0}",1
4294,False,"{'a': 0.001, 'e': 0.013650215089538058}",30,17,25.586043539638915,"{0: 13, 1: 0, 2: 0, 3: 0, 4: 0}",1
4295,False,"{'a': 0.001, 'e': 0.013636571697281604}",25,12,24.615484853902757,"{0: 13, 1: 0, 2: 0, 3: 0, 4: 0}",1
4296,False,"{'a': 0.001, 'e': 0.013622941941597973}",25,19,10.966136800884184,"{0: 6, 1: 0, 2: 0, 3: 0, 4: 0}",1
4297,False,"{'a': 0.001, 'e': 0.013609325808857431}",35,19,31.47518324180504,"{0: 16, 1: 0, 2: 0, 3: 0, 4: 0}",1
4298,False,"{'a': 0.001, 'e': 0.013595723285443818}",20,14,11.945033186980867,"{0: 6, 1: 0, 2: 0, 3: 0, 4: 0}",1
4299,False,"{'a': 0.001, 'e': 0.013582134357754625}",30,15,30.50437036879806,"{0: 15, 1: 0, 2: 0, 3: 0, 4: 0}",1
4300,False,"{'a': 0.001, 'e': 0.013568559012200934}",30,18,23.301008447369203,"{0: 12, 1: 0, 2: 0, 3: 0, 4: 0}",1
4301,False,"{'a': 0.001, 'e': 0.013554997235207374}",20,8,25.539710980956908,"{0: 12, 1: 0, 2: 0, 3: 0, 4: 0}",1
4302,False,"{'a': 0.001, 'e': 0.013541449013212178}",20,11,17.56892387589975,"{0: 9, 1: 0, 2: 0, 3: 0, 4: 0}",1
4303,False,"{'a': 0.001, 'e': 0.013527914332667135}",25,17,17.605787285730614,"{0: 8, 1: 0, 2: 0, 3: 0, 4: 0}",1
4304,False,"{'a': 0.001, 'e': 0.013514393180037542}",30,20,18.71619861189157,"{0: 10, 1: 0, 2: 0, 3: 0, 4: 0}",1
4305,False,"{'a': 0.001, 'e': 0.013500885541802265}",20,3,25.703040839983878,"{0: 17, 1: 0, 2: 0, 3: 0, 4: 0}",1
4306,False,"{'a': 0.001, 'e': 0.013487391404453644}",25,13,25.89910749091833,"{0: 12, 1: 0, 2: 0, 3: 0, 4: 0}",1
4307,False,"{'a': 0.001, 'e': 0.013473910754497552}",20,12,15.865936028234767,"{0: 8, 1: 0, 2: 0, 3: 0, 4: 0}",1
4308,False,"{'a': 0.001, 'e': 0.013460443578453348}",30,18,22.10296062353781,"{0: 12, 1: 0, 2: 0, 3: 0, 4: 0}",1
4309,False,"{'a': 0.001, 'e': 0.013446989862853833}",20,16,6.4334833806541605,"{0: 4, 1: 0, 2: 0, 3: 0, 4: 0}",1
4310,False,"{'a': 0.001, 'e': 0.013433549594245302}",20,2,32.930644340846904,"{0: 18, 1: 0, 2: 0, 3: 0, 4: 0}",1
4311,False,"{'a': 0.001, 'e': 0.013420122759187495}",30,20,15.297222974886486,"{0: 10, 1: 0, 2: 0, 3: 0, 4: 0}",1
4312,False,"{'a': 0.001, 'e': 0.013406709344253556}",20,10,17.27743223702827,"{0: 10, 1: 0, 2: 0, 3: 0, 4: 0}",1
4313,False,"{'a': 0.001, 'e': 0.013393309336030088}",25,15,21.09420400588924,"{0: 10, 1: 0, 2: 0, 3: 0, 4: 0}",1
4314,False,"{'a': 0.001, 'e': 0.01337992272111706}",20,6,21.067825462251296,"{0: 14, 1: 0, 2: 0, 3: 0, 4: 0}",1
4315,False,"{'a': 0.001, 'e': 0.01336654948612787}",25,8,28.9022899650974,"{0: 17, 1: 0, 2: 0, 3: 0, 4: 0}",1
4316,False,"{'a': 0.001, 'e': 0.013353189617689292}",30,15,11.423441646746426,"{0: 13, 1: 1, 2: 1, 3: 0, 4: 0}",1
4317,False,"{'a': 0.001, 'e': 0.013339843102441431}",25,15,20.0075921452522,"{0: 10, 1: 0, 2: 0, 3: 0, 4: 0}",1
4318,False,"{'a': 0.001, 'e': 0.013326509927037785}",25,18,12.88322251884597,"{0: 7, 1: 0, 2: 0, 3: 0, 4: 0}",1
4319,False,"{'a': 0.001, 'e': 0.013313190078145189}",25,12,25.955587564686432,"{0: 13, 1: 0, 2: 0, 3: 0, 4: 0}",1
4320,False,"{'a': 0.001, 'e': 0.013299883542443767}",20,10,19.480270968875235,"{0: 10, 1: 0, 2: 0, 3: 0, 4: 0}",1
4321,False,"{'a': 0.001, 'e': 0.01328659030662701}",20,4,28.70086023046883,"{0: 16, 1: 0, 2: 0, 3: 0, 4: 0}",1
4322,False,"{'a': 0.001, 'e': 0.013273310357401653}",20,12,15.02932178351822,"{0: 8, 1: 0, 2: 0, 3: 0, 4: 0}",1
4323,False,"{'a': 0.001, 'e': 0.01326004368148776}",20,10,24.00564761539322,"{0: 10, 1: 0, 2: 0, 3: 0, 4: 0}",1
4324,False,"{'a': 0.001, 'e': 0.013246790265618666}",20,12,13.617838556444775,"{0: 8, 1: 0, 2: 0, 3: 0, 4: 0}",1
4325,False,"{'a': 0.001, 'e': 0.013233550096540928}",30,12,27.32606535435317,"{0: 17, 1: 0, 2: 1, 3: 0, 4: 0}",1
4326,False,"{'a': 0.001, 'e': 0.013220323161014392}",30,20,18.01739756388279,"{0: 10, 1: 0, 2: 0, 3: 0, 4: 0}",1
4327,False,"{'a': 0.001, 'e': 0.013207109445812128}",20,5,29.257307776691,"{0: 15, 1: 0, 2: 0, 3: 0, 4: 0}",1
4328,False,"{'a': 0.001, 'e': 0.0131939089377204}",25,7,33.742519899810034,"{0: 18, 1: 0, 2: 0, 3: 0, 4: 0}",1
4329,False,"{'a': 0.001, 'e': 0.01318072162353872}",30,18,9.388745845661706,"{0: 11, 1: 0, 2: 1, 3: 0, 4: 0}",1
4330,False,"{'a': 0.001, 'e': 0.013167547490079751}",30,20,20.082580429074426,"{0: 10, 1: 0, 2: 0, 3: 0, 4: 0}",1
4331,False,"{'a': 0.001, 'e': 0.01315438652416937}",25,11,27.31877273309405,"{0: 14, 1: 0, 2: 0, 3: 0, 4: 0}",1
4332,False,"{'a': 0.001, 'e': 0.01314123871264662}",20,5,29.163155063309485,"{0: 15, 1: 0, 2: 0, 3: 0, 4: 0}",1
4333,False,"{'a': 0.001, 'e': 0.013128104042363666}",20,6,25.051893322931047,"{0: 14, 1: 0, 2: 0, 3: 0, 4: 0}",1
4334,False,"{'a': 0.001, 'e': 0.013114982500185848}",20,6,27.146347251932834,"{0: 14, 1: 0, 2: 0, 3: 0, 4: 0}",1
4335,False,"{'a': 0.001, 'e': 0.013101874072991637}",25,15,21.14153219973096,"{0: 10, 1: 0, 2: 0, 3: 0, 4: 0}",1
4336,False,"{'a': 0.001, 'e': 0.013088778747672577}",25,8,28.107359048541625,"{0: 17, 1: 0, 2: 0, 3: 0, 4: 0}",1
4337,False,"{'a': 0.001, 'e': 0.013075696511133368}",20,11,16.682042683955473,"{0: 9, 1: 0, 2: 0, 3: 0, 4: 0}",1
4338,False,"{'a': 0.001, 'e': 0.013062627350291747}",20,3,22.324357305320984,"{0: 16, 1: 1, 2: 0, 3: 0, 4: 0}",1
4339,False,"{'a': 0.001, 'e': 0.013049571252078566}",35,21,27.751175803892203,"{0: 14, 1: 0, 2: 0, 3: 0, 4: 0}",1
4340,False,"{'a': 0.001, 'e': 0.013036528203437736}",25,10,27.751368595037373,"{0: 15, 1: 0, 2: 0, 3: 0, 4: 0}",1
4341,False,"{'a': 0.001, 'e': 0.013023498191326184}",25,15,19.790908395052703,"{0: 10, 1: 0, 2: 0, 3: 0, 4: 0}",1
4342,False,"{'a': 0.001, 'e': 0.013010481202713909}",25,19,10.720390649033067,"{0: 6, 1: 0, 2: 0, 3: 0, 4: 0}",1
4343,False,"{'a': 0.001, 'e': 0.012997477224583932}",25,6,28.25492265543645,"{0: 18, 1: 1, 2: 0, 3: 0, 4: 0}",1
4344,False,"{'a': 0.001, 'e': 0.012984486243932251}",25,9,28.2197881535601,"{0: 16, 1: 0, 2: 0, 3: 0, 4: 0}",1
4345,False,"{'a': 0.001, 'e': 0.012971508247767908}",20,11,18.543437689801866,"{0: 9, 1: 0, 2: 0, 3: 0, 4: 0}",1
4346,False,"{'a': 0.001, 'e': 0.012958543223112882}",20,6,14.550826361665994,"{0: 13, 1: 0, 2: 1, 3: 0, 4: 0}",1
4347,False,"{'a': 0.001, 'e': 0.012945591157002159}",20,6,23.061855839541547,"{0: 14, 1: 0, 2: 0, 3: 0, 4: 0}",1
4348,False,"{'a': 0.001, 'e': 0.012932652036483683}",25,19,15.167608143209645,"{0: 6, 1: 0, 2: 0, 3: 0, 4: 0}",1
4349,False,"{'a': 0.001, 'e': 0.01291972584861831}",35,25,16.679817936913274,"{0: 10, 1: 0, 2: 0, 3: 0, 4: 0}",1
4350,False,"{'a': 0.001, 'e': 0.012906812580479862}",25,13,26.015661706750492,"{0: 12, 1: 0, 2: 0, 3: 0, 4: 0}",1
4351,False,"{'a': 0.001, 'e': 0.012893912219155082}",20,13,12.346904723876573,"{0: 7, 1: 0, 2: 0, 3: 0, 4: 0}",1
4352,False,"{'a': 0.001, 'e': 0.012881024751743584}",30,20,17.642933004276355,"{0: 10, 1: 0, 2: 0, 3: 0, 4: 0}",1
4353,False,"{'a': 0.001, 'e': 0.012868150165357922}",25,16,15.373457324444253,"{0: 9, 1: 0, 2: 0, 3: 0, 4: 0}",1
4354,False,"{'a': 0.001, 'e': 0.012855288447123487}",20,8,26.250453893235875,"{0: 12, 1: 0, 2: 0, 3: 0, 4: 0}",1
4355,False,"{'a': 0.001, 'e': 0.01284243958417857}",20,8,23.65623344168481,"{0: 12, 1: 0, 2: 0, 3: 0, 4: 0}",1
4356,False,"{'a': 0.001, 'e': 0.01282960356367432}",20,11,14.312375037020905,"{0: 9, 1: 0, 2: 0, 3: 0, 4: 0}",1
4357,False,"{'a': 0.001, 'e': 0.01281678037277469}",20,10,19.25314066505333,"{0: 10, 1: 0, 2: 0, 3: 0, 4: 0}",1
4358,False,"{'a': 0.001, 'e': 0.012803969998656512}",20,2,29.81694523906847,"{0: 18, 1: 0, 2: 0, 3: 0, 4: 0}",1
4359,False,"{'a': 0.001, 'e': 0.01279117242850939}",25,20,9.829422623613725,"{0: 5, 1: 0, 2: 0, 3: 0, 4: 0}",1
4360,False,"{'a': 0.001, 'e': 0.01277838764953576}",25,14,9.359373700204813,"{0: 10, 1: 0, 2: 1, 3: 0, 4: 0}",1
4361,False,"{'a': 0.001, 'e': 0.012765615648950858}",30,18,22.85966742481878,"{0: 12, 1: 0, 2: 0, 3: 0, 4: 0}",1
4362,False,"{'a': 0.001, 'e': 0.012752856413982657}",20,15,9.796024083609458,"{0: 5, 1: 0, 2: 0, 3: 0, 4: 0}",1
4363,False,"{'a': 0.001, 'e': 0.012740109931871932}",20,13,15.854402951171611,"{0: 7, 1: 0, 2: 0, 3: 0, 4: 0}",1
4364,False,"{'a': 0.001, 'e': 0.012727376189872212}",20,10,19.682863606132575,"{0: 10, 1: 0, 2: 0, 3: 0, 4: 0}",1
4365,False,"{'a': 0.001, 'e': 0.012714655175249731}",20,6,23.807417254698667,"{0: 14, 1: 0, 2: 0, 3: 0, 4: 0}",1
4366,False,"{'a': 0.001, 'e': 0.012701946875283497}",20,13,15.911742926021413,"{0: 7, 1: 0, 2: 0, 3: 0, 4: 0}",1
4367,False,"{'a': 0.001, 'e': 0.012689251277265185}",25,13,21.930270401725643,"{0: 12, 1: 0, 2: 0, 3: 0, 4: 0}",1
4368,False,"{'a': 0.001, 'e': 0.012676568368499208}",20,9,20.684534896532053,"{0: 11, 1: 0, 2: 0, 3: 0, 4: 0}",1
4369,False,"{'a': 0.001, 'e': 0.012663898136302665}",30,16,25.205807293279005,"{0: 14, 1: 0, 2: 0, 3: 0, 4: 0}",1
4370,False,"{'a': 0.001, 'e': 0.012651240568005305}",20,11,17.189892043846005,"{0: 9, 1: 0, 2: 0, 3: 0, 4: 0}",1
4371,False,"{'a': 0.001, 'e': 0.012638595650949566}",30,17,27.304580338399333,"{0: 13, 1: 0, 2: 0, 3: 0, 4: 0}",1
4372,False,"{'a': 0.001, 'e': 0.012625963372490544}",20,9,17.31766831918449,"{0: 11, 1: 0, 2: 0, 3: 0, 4: 0}",1
4373,False,"{'a': 0.001, 'e': 0.012613343719995933}",20,10,18.015294786619336,"{0: 10, 1: 0, 2: 0, 3: 0, 4: 0}",1
4374,False,"{'a': 0.001, 'e': 0.012600736680846106}",20,10,19.799912316565134,"{0: 10, 1: 0, 2: 0, 3: 0, 4: 0}",1
4375,False,"{'a': 0.001, 'e': 0.012588142242433998}",25,14,21.855496726297627,"{0: 11, 1: 0, 2: 0, 3: 0, 4: 0}",1
4376,False,"{'a': 0.001, 'e': 0.012575560392165182}",30,21,17.03280386261649,"{0: 9, 1: 0, 2: 0, 3: 0, 4: 0}",1
4377,False,"{'a': 0.001, 'e': 0.012562991117457817}",20,8,19.140703257608024,"{0: 12, 1: 0, 2: 0, 3: 0, 4: 0}",1
4378,False,"{'a': 0.001, 'e': 0.012550434405742605}",20,14,12.39869870562785,"{0: 6, 1: 0, 2: 0, 3: 0, 4: 0}",1
4379,False,"{'a': 0.001, 'e': 0.012537890244462845}",20,11,15.707786783659646,"{0: 9, 1: 0, 2: 0, 3: 0, 4: 0}",1
4380,False,"{'a': 0.001, 'e': 0.012525358621074385}",20,11,17.127877922980055,"{0: 9, 1: 0, 2: 0, 3: 0, 4: 0}",1
4381,False,"{'a': 0.001, 'e': 0.012512839523045579}",20,13,14.101852613702633,"{0: 7, 1: 0, 2: 0, 3: 0, 4: 0}",1
4382,False,"{'a': 0.001, 'e': 0.01250033293785735}",35,18,34.85982101317977,"{0: 17, 1: 0, 2: 0, 3: 0, 4: 0}",1
4383,False,"{'a': 0.001, 'e': 0.01248783885300309}",20,6,24.444596862788295,"{0: 14, 1: 0, 2: 0, 3: 0, 4: 0}",1
4384,False,"{'a': 0.001, 'e': 0.012475357255988723}",20,16,8.266442256869603,"{0: 4, 1: 0, 2: 0, 3: 0, 4: 0}",1
4385,False,"{'a': 0.001, 'e': 0.012462888134332661}",25,16,18.003058894034822,"{0: 9, 1: 0, 2: 0, 3: 0, 4: 0}",1
4386,False,"{'a': 0.001, 'e': 0.012450431475565764}",20,8,20.67364619850668,"{0: 12, 1: 0, 2: 0, 3: 0, 4: 0}",1
4387,False,"{'a': 0.001, 'e': 0.012437987267231379}",20,16,7.8767945450449215,"{0: 4, 1: 0, 2: 0, 3: 0, 4: 0}",1
4388,False,"{'a': 0.001, 'e': 0.012425555496885309}",20,7,3.7589145303109315,"{0: 11, 1: 1, 2: 1, 3: 0, 4: 0}",1
4389,False,"{'a': 0.001, 'e': 0.012413136152095758}",25,17,15.537316906482134,"{0: 8, 1: 0, 2: 0, 3: 0, 4: 0}",1
4390,False,"{'a': 0.001, 'e': 0.012400729220443406}",35,24,24.462280510585195,"{0: 11, 1: 0, 2: 0, 3: 0, 4: 0}",1
4391,False,"{'a': 0.001, 'e': 0.012388334689521299}",20,15,10.33251302275529,"{0: 5, 1: 0, 2: 0, 3: 0, 4: 0}",1
4392,False,"{'a': 0.001, 'e': 0.012375952546934911}",25,17,15.79167285155343,"{0: 8, 1: 0, 2: 0, 3: 0, 4: 0}",1
4393,False,"{'a': 0.001, 'e': 0.012363582780302113}",20,13,14.840130638619371,"{0: 7, 1: 0, 2: 0, 3: 0, 4: 0}",1
4394,False,"{'a': 0.001, 'e': 0.012351225377253115}",20,12,11.461840035039984,"{0: 8, 1: 0, 2: 0, 3: 0, 4: 0}",1
4395,False,"{'a': 0.001, 'e': 0.012338880325430523}",20,6,25.4549347339437,"{0: 14, 1: 0, 2: 0, 3: 0, 4: 0}",1
4396,False,"{'a': 0.001, 'e': 0.012326547612489296}",30,10,36.146323009235616,"{0: 20, 1: 0, 2: 0, 3: 0, 4: 0}",1
4397,False,"{'a': 0.001, 'e': 0.012314227226096697}",20,4,27.03963736094154,"{0: 16, 1: 0, 2: 0, 3: 0, 4: 0}",1
4398,False,"{'a': 0.001, 'e': 0.012301919153932363}",30,16,26.06277562568121,"{0: 14, 1: 0, 2: 0, 3: 0, 4: 0}",1
4399,False,"{'a': 0.001, 'e': 0.012289623383688195}",25,7,30.969888608911504,"{0: 18, 1: 0, 2: 0, 3: 0, 4: 0}",1
4400,False,"{'a': 0.001, 'e': 0.012277339903068436}",20,8,24.394296128901466,"{0: 12, 1: 0, 2: 0, 3: 0, 4: 0}",1
4401,False,"{'a': 0.001, 'e': 0.012265068699789616}",30,17,25.38319801935682,"{0: 13, 1: 0, 2: 0, 3: 0, 4: 0}",1
4402,False,"{'a': 0.001, 'e': 0.012252809761580503}",25,15,19.297791777341967,"{0: 10, 1: 0, 2: 0, 3: 0, 4: 0}",1
4403,False,"{'a': 0.001, 'e': 0.012240563076182176}",25,5,-7.064705398896057,"{0: 19, 1: 0, 2: 0, 3: 0, 4: 1}",1
4404,False,"{'a': 0.001, 'e': 0.012228328631347955}",20,16,8.6222050224323,"{0: 4, 1: 0, 2: 0, 3: 0, 4: 0}",1
4405,False,"{'a': 0.001, 'e': 0.012216106414843372}",20,11,15.910973535356465,"{0: 9, 1: 0, 2: 0, 3: 0, 4: 0}",1
4406,False,"{'a': 0.001, 'e': 0.012203896414446235}",25,16,15.830680253298414,"{0: 9, 1: 0, 2: 0, 3: 0, 4: 0}",1
4407,False,"{'a': 0.001, 'e': 0.012191698617946518}",30,16,28.627303640221132,"{0: 14, 1: 0, 2: 0, 3: 0, 4: 0}",1
4408,False,"{'a': 0.001, 'e': 0.012179513013146433}",25,20,11.029354110436326,"{0: 5, 1: 0, 2: 0, 3: 0, 4: 0}",1
4409,False,"{'a': 0.001, 'e': 0.01216733958786039}",20,12,14.858275727661105,"{0: 8, 1: 0, 2: 0, 3: 0, 4: 0}",1
4410,False,"{'a': 0.001, 'e': 0.012155178329914935}",20,9,10.912272723534127,"{0: 10, 1: 0, 2: 1, 3: 0, 4: 0}",1
4411,False,"{'a': 0.001, 'e': 0.012143029227148825}",20,5,23.353160248749504,"{0: 15, 1: 0, 2: 0, 3: 0, 4: 0}",1
4412,False,"{'a': 0.001, 'e': 0.012130892267412964}",20,13,12.63818667518154,"{0: 7, 1: 0, 2: 0, 3: 0, 4: 0}",1
4413,False,"{'a': 0.001, 'e': 0.01211876743857037}",20,11,18.395140287649056,"{0: 9, 1: 0, 2: 0, 3: 0, 4: 0}",1
4414,False,"{'a': 0.001, 'e': 0.012106654728496237}",25,16,20.871931468365446,"{0: 9, 1: 0, 2: 0, 3: 0, 4: 0}",1
4415,False,"{'a': 0.001, 'e': 0.012094554125077829}",20,11,16.318132364187417,"{0: 9, 1: 0, 2: 0, 3: 0, 4: 0}",1
4416,False,"{'a': 0.001, 'e': 0.012082465616214554}",25,18,12.418549130804646,"{0: 7, 1: 0, 2: 0, 3: 0, 4: 0}",1
4417,False,"{'a': 0.001, 'e': 0.012070389189817914}",30,16,25.812137880373598,"{0: 14, 1: 0, 2: 0, 3: 0, 4: 0}",1
4418,False,"{'a': 0.001, 'e': 0.012058324833811458}",25,15,18.398252176499398,"{0: 10, 1: 0, 2: 0, 3: 0, 4: 0}",1
4419,False,"{'a': 0.001, 'e': 0.012046272536130841}",20,8,22.04886451809347,"{0: 12, 1: 0, 2: 0, 3: 0, 4: 0}",1
4420,False,"{'a': 0.001, 'e': 0.012034232284723775}",20,12,12.616442986297976,"{0: 8, 1: 0, 2: 0, 3: 0, 4: 0}",1
4421,False,"{'a': 0.001, 'e': 0.012022204067549985}",25,14,19.664359477200133,"{0: 11, 1: 0, 2: 0, 3: 0, 4: 0}",1
4422,False,"{'a': 0.001, 'e': 0.012010187872581275}",20,8,22.22676107591339,"{0: 12, 1: 0, 2: 0, 3: 0, 4: 0}",1
4423,False,"{'a': 0.001, 'e': 0.01199818368780143}",30,3,46.178730756745395,"{0: 27, 1: 0, 2: 0, 3: 0, 4: 0}",1
4424,False,"{'a': 0.001, 'e': 0.01198619150120627}",25,8,27.495392191195148,"{0: 17, 1: 0, 2: 0, 3: 0, 4: 0}",1
4425,False,"{'a': 0.001, 'e': 0.011974211300803622}",20,11,16.182002007505982,"{0: 9, 1: 0, 2: 0, 3: 0, 4: 0}",1
4426,False,"{'a': 0.001, 'e': 0.011962243074613261}",20,16,9.031845068606033,"{0: 4, 1: 0, 2: 0, 3: 0, 4: 0}",1
4427,False,"{'a': 0.001, 'e': 0.011950286810666972}",30,12,34.14949810705603,"{0: 18, 1: 0, 2: 0, 3: 0, 4: 0}",1
4428,False,"{'a': 0.001, 'e': 0.011938342497008501}",20,16,8.632502791154959,"{0: 4, 1: 0, 2: 0, 3: 0, 4: 0}",1
4429,False,"{'a': 0.001, 'e': 0.011926410121693511}",25,7,25.3900503286766,"{0: 18, 1: 0, 2: 0, 3: 0, 4: 0}",1
4430,False,"{'a': 0.001, 'e': 0.011914489672789647}",25,0,40.15599459798985,"{0: 25, 1: 0, 2: 0, 3: 0, 4: 0}",0
4431,False,"{'a': 0.001, 'e': 0.011902581138376438}",20,16,5.970851186243712,"{0: 4, 1: 0, 2: 0, 3: 0, 4: 0}",1
4432,False,"{'a': 0.001, 'e': 0.011890684506545358}",20,16,7.163807957673623,"{0: 4, 1: 0, 2: 0, 3: 0, 4: 0}",1
4433,False,"{'a': 0.001, 'e': 0.011878799765399788}",25,13,22.073187277473288,"{0: 12, 1: 0, 2: 0, 3: 0, 4: 0}",1
4434,False,"{'a': 0.001, 'e': 0.01186692690305496}",25,11,27.44324509898979,"{0: 14, 1: 0, 2: 0, 3: 0, 4: 0}",1
4435,False,"{'a': 0.001, 'e': 0.011855065907638027}",25,17,16.396361442650143,"{0: 8, 1: 0, 2: 0, 3: 0, 4: 0}",1
4436,False,"{'a': 0.001, 'e': 0.011843216767287999}",20,9,19.096820160267846,"{0: 11, 1: 0, 2: 0, 3: 0, 4: 0}",1
4437,False,"{'a': 0.001, 'e': 0.011831379470155714}",35,17,34.264168295176,"{0: 18, 1: 0, 2: 0, 3: 0, 4: 0}",1
4438,False,"{'a': 0.001, 'e': 0.011819554004403897}",35,25,19.032415253750287,"{0: 10, 1: 0, 2: 0, 3: 0, 4: 0}",1
4439,False,"{'a': 0.001, 'e': 0.011807740358207058}",20,16,7.490139276306699,"{0: 4, 1: 0, 2: 0, 3: 0, 4: 0}",1
4440,False,"{'a': 0.001, 'e': 0.011795938519751562}",20,8,21.346531069915766,"{0: 12, 1: 0, 2: 0, 3: 0, 4: 0}",1
4441,False,"{'a': 0.001, 'e': 0.011784148477235577}",30,20,20.96520834301931,"{0: 10, 1: 0, 2: 0, 3: 0, 4: 0}",1
4442,False,"{'a': 0.001, 'e': 0.011772370218869043}",20,13,12.382793292303067,"{0: 7, 1: 0, 2: 0, 3: 0, 4: 0}",1
4443,False,"{'a': 0.001, 'e': 0.011760603732873708}",20,10,18.244687322379797,"{0: 10, 1: 0, 2: 0, 3: 0, 4: 0}",1
4444,False,"{'a': 0.001, 'e': 0.011748849007483096}",30,16,23.432292248290626,"{0: 14, 1: 0, 2: 0, 3: 0, 4: 0}",1
4445,False,"{'a': 0.001, 'e': 0.011737106030942461}",20,7,23.412465725466475,"{0: 13, 1: 0, 2: 0, 3: 0, 4: 0}",1
4446,False,"{'a': 0.001, 'e': 0.011725374791508845}",30,21,16.770325219976613,"{0: 9, 1: 0, 2: 0, 3: 0, 4: 0}",1
4447,False,"{'a': 0.001, 'e': 0.011713655277450987}",20,12,16.31552324303989,"{0: 8, 1: 0, 2: 0, 3: 0, 4: 0}",1
4448,False,"{'a': 0.001, 'e': 0.011701947477049383}",25,8,31.947310843035584,"{0: 17, 1: 0, 2: 0, 3: 0, 4: 0}",1
4449,False,"{'a': 0.001, 'e': 0.011690251378596242}",25,11,24.578155370220692,"{0: 14, 1: 0, 2: 0, 3: 0, 4: 0}",1
4450,False,"{'a': 0.001, 'e': 0.011678566970395442}",20,13,13.493615348723045,"{0: 7, 1: 0, 2: 0, 3: 0, 4: 0}",1
4451,False,"{'a': 0.001, 'e': 0.011666894240762588}",30,24,11.7879733273027,"{0: 6, 1: 0, 2: 0, 3: 0, 4: 0}",1
4452,False,"{'a': 0.001, 'e': 0.011655233178024955}",20,11,18.207733116918657,"{0: 9, 1: 0, 2: 0, 3: 0, 4: 0}",1
4453,False,"{'a': 0.001, 'e': 0.011643583770521462}",25,17,14.816168804128672,"{0: 8, 1: 0, 2: 0, 3: 0, 4: 0}",1
4454,False,"{'a': 0.001, 'e': 0.01163194600660272}",20,13,14.634145607051389,"{0: 7, 1: 0, 2: 0, 3: 0, 4: 0}",1
4455,False,"{'a': 0.001, 'e': 0.011620319874630945}",30,21,17.419632468065238,"{0: 9, 1: 0, 2: 0, 3: 0, 4: 0}",1
4456,False,"{'a': 0.001, 'e': 0.011608705362980011}",20,12,18.689046327280774,"{0: 8, 1: 0, 2: 0, 3: 0, 4: 0}",1
4457,False,"{'a': 0.001, 'e': 0.011597102460035418}",35,13,38.87431543880091,"{0: 21, 1: 1, 2: 0, 3: 0, 4: 0}",1
4458,False,"{'a': 0.001, 'e': 0.011585511154194242}",30,8,41.5111947171195,"{0: 22, 1: 0, 2: 0, 3: 0, 4: 0}",1
4459,False,"{'a': 0.001, 'e': 0.011573931433865184}",25,17,15.372946142253987,"{0: 8, 1: 0, 2: 0, 3: 0, 4: 0}",1
4460,False,"{'a': 0.001, 'e': 0.011562363287468536}",20,11,15.256647157707826,"{0: 9, 1: 0, 2: 0, 3: 0, 4: 0}",1
4461,False,"{'a': 0.001, 'e': 0.011550806703436129}",20,11,18.440363747476237,"{0: 9, 1: 0, 2: 0, 3: 0, 4: 0}",1
4462,False,"{'a': 0.001, 'e': 0.011539261670211397}",20,10,17.706331582650066,"{0: 10, 1: 0, 2: 0, 3: 0, 4: 0}",1
4463,False,"{'a': 0.001, 'e': 0.011527728176249287}",20,0,30.583967519982266,"{0: 20, 1: 0, 2: 0, 3: 0, 4: 0}",0
4464,False,"{'a': 0.001, 'e': 0.011516206210016314}",20,8,22.558715244861766,"{0: 12, 1: 0, 2: 0, 3: 0, 4: 0}",1
4465,False,"{'a': 0.001, 'e': 0.011504695759990522}",25,8,28.359751550287154,"{0: 17, 1: 0, 2: 0, 3: 0, 4: 0}",1
4466,False,"{'a': 0.001, 'e': 0.011493196814661438}",20,7,23.912682686698503,"{0: 13, 1: 0, 2: 0, 3: 0, 4: 0}",1
4467,False,"{'a': 0.001, 'e': 0.011481709362530125}",25,8,27.051743821453165,"{0: 17, 1: 0, 2: 0, 3: 0, 4: 0}",1
4468,False,"{'a': 0.001, 'e': 0.011470233392109144}",30,14,30.951167448139056,"{0: 16, 1: 0, 2: 0, 3: 0, 4: 0}",1
4469,False,"{'a': 0.001, 'e': 0.011458768891922499}",25,13,22.9921256410233,"{0: 12, 1: 0, 2: 0, 3: 0, 4: 0}",1
4470,False,"{'a': 0.001, 'e': 0.01144731585050571}",25,13,21.259996909020828,"{0: 12, 1: 0, 2: 0, 3: 0, 4: 0}",1
4471,False,"{'a': 0.001, 'e': 0.011435874256405718}",20,16,7.3387318954525504,"{0: 4, 1: 0, 2: 0, 3: 0, 4: 0}",1
4472,False,"{'a': 0.001, 'e': 0.011424444098180933}",35,18,33.18918848338079,"{0: 17, 1: 0, 2: 0, 3: 0, 4: 0}",1
4473,False,"{'a': 0.001, 'e': 0.011413025364401209}",25,11,29.18997728262061,"{0: 14, 1: 0, 2: 0, 3: 0, 4: 0}",1
4474,False,"{'a': 0.001, 'e': 0.011401618043647792}",20,9,21.578477782675158,"{0: 11, 1: 0, 2: 0, 3: 0, 4: 0}",1
4475,False,"{'a': 0.001, 'e': 0.011390222124513367}",25,13,26.81723442537623,"{0: 12, 1: 0, 2: 0, 3: 0, 4: 0}",1
4476,False,"{'a': 0.001, 'e': 0.011378837595602027}",20,9,20.241219521056273,"{0: 11, 1: 0, 2: 0, 3: 0, 4: 0}",1
4477,False,"{'a': 0.001, 'e': 0.01136746444552922}",30,16,25.96905184395101,"{0: 14, 1: 0, 2: 0, 3: 0, 4: 0}",1
4478,False,"{'a': 0.001, 'e': 0.011356102662921816}",25,18,13.525683492131702,"{0: 7, 1: 0, 2: 0, 3: 0, 4: 0}",1
4479,False,"{'a': 0.001, 'e': 0.011344752236418012}",20,15,9.556538017112535,"{0: 5, 1: 0, 2: 0, 3: 0, 4: 0}",1
4480,False,"{'a': 0.001, 'e': 0.011333413154667387}",20,10,13.727991164291128,"{0: 10, 1: 0, 2: 0, 3: 0, 4: 0}",1
4481,False,"{'a': 0.001, 'e': 0.011322085406330874}",30,20,19.89747401393902,"{0: 10, 1: 0, 2: 0, 3: 0, 4: 0}",1
4482,False,"{'a': 0.001, 'e': 0.0113107689800807}",20,11,17.810826160871347,"{0: 9, 1: 0, 2: 0, 3: 0, 4: 0}",1
4483,False,"{'a': 0.001, 'e': 0.011299463864600458}",25,11,28.07818173112383,"{0: 14, 1: 0, 2: 0, 3: 0, 4: 0}",1
4484,False,"{'a': 0.001, 'e': 0.011288170048585013}",25,19,12.422377017530792,"{0: 6, 1: 0, 2: 0, 3: 0, 4: 0}",1
4485,False,"{'a': 0.001, 'e': 0.011276887520740558}",25,18,13.113969216371565,"{0: 7, 1: 0, 2: 0, 3: 0, 4: 0}",1
4486,False,"{'a': 0.001, 'e': 0.011265616269784572}",25,14,18.193961673936457,"{0: 11, 1: 0, 2: 0, 3: 0, 4: 0}",1
4487,False,"{'a': 0.001, 'e': 0.011254356284445785}",20,11,17.837487115808564,"{0: 9, 1: 0, 2: 0, 3: 0, 4: 0}",1
4488,False,"{'a': 0.001, 'e': 0.011243107553464221}",30,24,14.376392569148472,"{0: 6, 1: 0, 2: 0, 3: 0, 4: 0}",1
4489,False,"{'a': 0.001, 'e': 0.011231870065591157}",25,16,16.80515514471728,"{0: 9, 1: 0, 2: 0, 3: 0, 4: 0}",1
4490,False,"{'a': 0.001, 'e': 0.011220643809589084}",35,25,19.658996254319575,"{0: 10, 1: 0, 2: 0, 3: 0, 4: 0}",1
4491,False,"{'a': 0.001, 'e': 0.011209428774231766}",25,13,24.970594527746954,"{0: 12, 1: 0, 2: 0, 3: 0, 4: 0}",1
4492,False,"{'a': 0.001, 'e': 0.011198224948304147}",25,14,18.49775495696239,"{0: 11, 1: 0, 2: 0, 3: 0, 4: 0}",1
4493,False,"{'a': 0.001, 'e': 0.011187032320602409}",35,26,19.203691681477874,"{0: 9, 1: 0, 2: 0, 3: 0, 4: 0}",1
4494,False,"{'a': 0.001, 'e': 0.011175850879933932}",35,18,26.91357190820441,"{0: 16, 1: 1, 2: 0, 3: 0, 4: 0}",1
4495,False,"{'a': 0.001, 'e': 0.011164680615117259}",20,13,14.251880950176895,"{0: 7, 1: 0, 2: 0, 3: 0, 4: 0}",1
4496,False,"{'a': 0.001, 'e': 0.011153521514982131}",25,18,10.903529268340696,"{0: 7, 1: 0, 2: 0, 3: 0, 4: 0}",1
4497,False,"{'a': 0.001, 'e': 0.011142373568369456}",20,15,9.39536300193341,"{0: 5, 1: 0, 2: 0, 3: 0, 4: 0}",1
4498,False,"{'a': 0.001, 'e': 0.01113123676413127}",30,18,26.193119737062915,"{0: 12, 1: 0, 2: 0, 3: 0, 4: 0}",1
4499,False,"{'a': 0.001, 'e': 0.011120111091130784}",25,14,-21.391097528032414,"{0: 10, 1: 0, 2: 0, 3: 0, 4: 1}",1
4500,False,"{'a': 0.001, 'e': 0.011108996538242306}",25,16,14.182469467961672,"{0: 9, 1: 0, 2: 0, 3: 0, 4: 0}",1
4501,False,"{'a': 0.001, 'e': 0.011097893094351293}",25,11,21.963543160085774,"{0: 14, 1: 0, 2: 0, 3: 0, 4: 0}",1
4502,False,"{'a': 0.001, 'e': 0.011086800748354308}",25,16,20.41594655663201,"{0: 9, 1: 0, 2: 0, 3: 0, 4: 0}",1
4503,False,"{'a': 0.001, 'e': 0.011075719489158987}",20,9,18.452705215285054,"{0: 11, 1: 0, 2: 0, 3: 0, 4: 0}",1
4504,False,"{'a': 0.001, 'e': 0.011064649305684076}",20,9,22.15219629317835,"{0: 11, 1: 0, 2: 0, 3: 0, 4: 0}",1
4505,False,"{'a': 0.001, 'e': 0.011053590186859403}",20,13,15.776539644236905,"{0: 7, 1: 0, 2: 0, 3: 0, 4: 0}",1
4506,False,"{'a': 0.001, 'e': 0.01104254212162583}",20,13,14.948238673276347,"{0: 7, 1: 0, 2: 0, 3: 0, 4: 0}",1
4507,False,"{'a': 0.001, 'e': 0.011031505098935307}",25,17,18.6647694354764,"{0: 8, 1: 0, 2: 0, 3: 0, 4: 0}",1
4508,False,"{'a': 0.001, 'e': 0.011020479107750792}",20,10,19.406127021512923,"{0: 10, 1: 0, 2: 0, 3: 0, 4: 0}",1
4509,False,"{'a': 0.001, 'e': 0.011009464137046305}",20,12,15.816433251747192,"{0: 8, 1: 0, 2: 0, 3: 0, 4: 0}",1
4510,False,"{'a': 0.001, 'e': 0.010998460175806881}",20,13,12.83371108828246,"{0: 7, 1: 0, 2: 0, 3: 0, 4: 0}",1
4511,False,"{'a': 0.001, 'e': 0.01098746721302854}",25,13,24.228592494874075,"{0: 12, 1: 0, 2: 0, 3: 0, 4: 0}",1
4512,False,"{'a': 0.001, 'e': 0.010976485237718327}",20,9,19.730348272385278,"{0: 11, 1: 0, 2: 0, 3: 0, 4: 0}",1
4513,False,"{'a': 0.001, 'e': 0.010965514238894277}",20,15,9.2251895139866,"{0: 5, 1: 0, 2: 0, 3: 0, 4: 0}",1
4514,False,"{'a': 0.001, 'e': 0.01095455420558537}",30,14,32.131593702395826,"{0: 16, 1: 0, 2: 0, 3: 0, 4: 0}",1
4515,False,"{'a': 0.001, 'e': 0.01094360512683159}",20,11,19.10200496176822,"{0: 9, 1: 0, 2: 0, 3: 0, 4: 0}",1
4516,False,"{'a': 0.001, 'e': 0.01093266699168384}",25,9,28.67936339411773,"{0: 16, 1: 0, 2: 0, 3: 0, 4: 0}",1
4517,False,"{'a': 0.001, 'e': 0.010921739789203994}",25,14,14.276653149271509,"{0: 10, 1: 1, 2: 0, 3: 0, 4: 0}",1
4518,False,"{'a': 0.001, 'e': 0.010910823508464855}",20,9,17.10798361999471,"{0: 11, 1: 0, 2: 0, 3: 0, 4: 0}",1
4519,False,"{'a': 0.001, 'e': 0.010899918138550124}",20,10,22.70400490251494,"{0: 10, 1: 0, 2: 0, 3: 0, 4: 0}",1
4520,False,"{'a': 0.001, 'e': 0.01088902366855444}",25,15,21.290569209479813,"{0: 10, 1: 0, 2: 0, 3: 0, 4: 0}",1
4521,False,"{'a': 0.001, 'e': 0.010878140087583343}",20,9,24.151724023499444,"{0: 11, 1: 0, 2: 0, 3: 0, 4: 0}",1
4522,False,"{'a': 0.001, 'e': 0.01086726738475323}",20,10,18.046265245460596,"{0: 10, 1: 0, 2: 0, 3: 0, 4: 0}",1
4523,False,"{'a': 0.001, 'e': 0.010856405549191416}",20,13,14.12788439727889,"{0: 7, 1: 0, 2: 0, 3: 0, 4: 0}",1
4524,False,"{'a': 0.001, 'e': 0.010845554570036048}",25,11,23.175039280443034,"{0: 14, 1: 0, 2: 0, 3: 0, 4: 0}",1
4525,False,"{'a': 0.001, 'e': 0.010834714436436152}",35,19,29.695151662500066,"{0: 16, 1: 0, 2: 0, 3: 0, 4: 0}",1
4526,False,"{'a': 0.001, 'e': 0.010823885137551606}",20,11,14.06276554132214,"{0: 9, 1: 0, 2: 0, 3: 0, 4: 0}",1
4527,False,"{'a': 0.001, 'e': 0.01081306666255309}",20,16,8.001798342668923,"{0: 4, 1: 0, 2: 0, 3: 0, 4: 0}",1
4528,False,"{'a': 0.001, 'e': 0.010802259000622138}",25,14,18.149252783987222,"{0: 11, 1: 0, 2: 0, 3: 0, 4: 0}",1
4529,False,"{'a': 0.001, 'e': 0.010791462140951094}",25,15,24.023652220708854,"{0: 10, 1: 0, 2: 0, 3: 0, 4: 0}",1
4530,False,"{'a': 0.001, 'e': 0.010780676072743084}",25,13,17.87083459851921,"{0: 12, 1: 0, 2: 0, 3: 0, 4: 0}",1
4531,False,"{'a': 0.001, 'e': 0.010769900785212052}",20,13,14.04887058796336,"{0: 7, 1: 0, 2: 0, 3: 0, 4: 0}",1
4532,False,"{'a': 0.001, 'e': 0.010759136267582695}",25,15,18.904147769144437,"{0: 10, 1: 0, 2: 0, 3: 0, 4: 0}",1
4533,False,"{'a': 0.001, 'e': 0.0107483825090905}",20,8,10.708535447043795,"{0: 11, 1: 0, 2: 1, 3: 0, 4: 0}",1
4534,False,"{'a': 0.001, 'e': 0.01073763949898172}",25,14,23.352218937601904,"{0: 11, 1: 0, 2: 0, 3: 0, 4: 0}",1
4535,False,"{'a': 0.001, 'e': 0.010726907226513326}",30,12,30.39295025980821,"{0: 18, 1: 0, 2: 0, 3: 0, 4: 0}",1
4536,False,"{'a': 0.001, 'e': 0.01071618568095305}",25,15,5.69671963064671,"{0: 9, 1: 0, 2: 1, 3: 0, 4: 0}",1
4537,False,"{'a': 0.001, 'e': 0.01070547485157936}",35,15,39.31419587043711,"{0: 20, 1: 0, 2: 0, 3: 0, 4: 0}",1
4538,False,"{'a': 0.001, 'e': 0.010694774727681404}",20,8,23.810748171624347,"{0: 12, 1: 0, 2: 0, 3: 0, 4: 0}",1
4539,False,"{'a': 0.001, 'e': 0.010684085298559074}",20,0,31.342805333046154,"{0: 20, 1: 0, 2: 0, 3: 0, 4: 0}",0
4540,False,"{'a': 0.001, 'e': 0.010673406553522925}",20,6,22.15538223396741,"{0: 14, 1: 0, 2: 0, 3: 0, 4: 0}",1
4541,False,"{'a': 0.001, 'e': 0.010662738481894219}",20,10,21.929005624330248,"{0: 10, 1: 0, 2: 0, 3: 0, 4: 0}",1
4542,False,"{'a': 0.001, 'e': 0.010652081073004893}",20,13,15.219981861575185,"{0: 7, 1: 0, 2: 0, 3: 0, 4: 0}",1
4543,False,"{'a': 0.001, 'e': 0.010641434316197518}",20,14,11.945522228653957,"{0: 6, 1: 0, 2: 0, 3: 0, 4: 0}",1
4544,False,"{'a': 0.001, 'e': 0.010630798200825346}",20,9,22.48369666557566,"{0: 11, 1: 0, 2: 0, 3: 0, 4: 0}",1
4545,False,"{'a': 0.001, 'e': 0.01062017271625227}",25,19,11.33040082801401,"{0: 6, 1: 0, 2: 0, 3: 0, 4: 0}",1
4546,False,"{'a': 0.001, 'e': 0.010609557851852787}",20,12,17.162888205435507,"{0: 8, 1: 0, 2: 0, 3: 0, 4: 0}",1
4547,False,"{'a': 0.001, 'e': 0.010598953597012047}",30,10,25.884481688315805,"{0: 19, 1: 0, 2: 1, 3: 0, 4: 0}",1
4548,False,"{'a': 0.001, 'e': 0.01058835994112578}",25,17,16.096359295951224,"{0: 8, 1: 0, 2: 0, 3: 0, 4: 0}",1
4549,False,"{'a': 0.001, 'e': 0.010577776873600335}",30,23,14.236732099696518,"{0: 7, 1: 0, 2: 0, 3: 0, 4: 0}",1
4550,False,"{'a': 0.001, 'e': 0.010567204383852655}",25,13,25.369936785395247,"{0: 12, 1: 0, 2: 0, 3: 0, 4: 0}",1
4551,False,"{'a': 0.001, 'e': 0.010556642461310231}",20,14,9.251767769749339,"{0: 6, 1: 0, 2: 0, 3: 0, 4: 0}",1
4552,False,"{'a': 0.001, 'e': 0.010546091095411146}",25,14,21.719135116994842,"{0: 11, 1: 0, 2: 0, 3: 0, 4: 0}",1
4553,False,"{'a': 0.001, 'e': 0.010535550275604046}",20,8,6.659607934289145,"{0: 11, 1: 0, 2: 1, 3: 0, 4: 0}",1
4554,False,"{'a': 0.001, 'e': 0.01052501999134809}",20,12,12.63074185333554,"{0: 8, 1: 0, 2: 0, 3: 0, 4: 0}",1
4555,False,"{'a': 0.001, 'e': 0.010514500232113012}",25,13,24.40869549953053,"{0: 12, 1: 0, 2: 0, 3: 0, 4: 0}",1
4556,False,"{'a': 0.001, 'e': 0.010503990987379034}",20,14,9.36075254357966,"{0: 6, 1: 0, 2: 0, 3: 0, 4: 0}",1
4557,False,"{'a': 0.001, 'e': 0.010493492246636918}",20,11,16.003296181830255,"{0: 9, 1: 0, 2: 0, 3: 0, 4: 0}",1
4558,False,"{'a': 0.001, 'e': 0.010483003999387931}",20,6,26.755636216884273,"{0: 14, 1: 0, 2: 0, 3: 0, 4: 0}",1
4559,False,"{'a': 0.001, 'e': 0.010472526235143808}",20,0,38.505525010648505,"{0: 20, 1: 0, 2: 0, 3: 0, 4: 0}",1
4560,False,"{'a': 0.001, 'e': 0.010462058943426795}",25,20,10.648915863048241,"{0: 5, 1: 0, 2: 0, 3: 0, 4: 0}",1
4561,False,"{'a': 0.001, 'e': 0.010451602113769604}",25,11,23.077774674626355,"{0: 14, 1: 0, 2: 0, 3: 0, 4: 0}",1
4562,False,"{'a': 0.001, 'e': 0.01044115573571539}",25,10,27.0196551877011,"{0: 15, 1: 0, 2: 0, 3: 0, 4: 0}",1
4563,False,"{'a': 0.001, 'e': 0.01043071979881779}",25,11,26.779139946014247,"{0: 14, 1: 0, 2: 0, 3: 0, 4: 0}",1
4564,False,"{'a': 0.001, 'e': 0.01042029429264085}",25,18,13.569475964680592,"{0: 7, 1: 0, 2: 0, 3: 0, 4: 0}",1
4565,False,"{'a': 0.001, 'e': 0.01040987920675907}",20,15,8.173199561063832,"{0: 5, 1: 0, 2: 0, 3: 0, 4: 0}",1
4566,False,"{'a': 0.001, 'e': 0.010399474530757374}",20,8,23.65234390917011,"{0: 12, 1: 0, 2: 0, 3: 0, 4: 0}",1
4567,False,"{'a': 0.001, 'e': 0.010389080254231065}",20,13,12.937072671835983,"{0: 7, 1: 0, 2: 0, 3: 0, 4: 0}",1
4568,False,"{'a': 0.001, 'e': 0.010378696366785877}",30,16,30.626125605995114,"{0: 14, 1: 0, 2: 0, 3: 0, 4: 0}",1
4569,False,"{'a': 0.001, 'e': 0.01036832285803793}",20,13,13.380668295836283,"{0: 7, 1: 0, 2: 0, 3: 0, 4: 0}",1
4570,False,"{'a': 0.001, 'e': 0.010357959717613696}",25,17,14.692359702621953,"{0: 8, 1: 0, 2: 0, 3: 0, 4: 0}",1
4571,False,"{'a': 0.001, 'e': 0.010347606935150052}",20,14,12.860673870145318,"{0: 6, 1: 0, 2: 0, 3: 0, 4: 0}",1
4572,False,"{'a': 0.001, 'e': 0.010337264500294195}",25,18,12.524265846852202,"{0: 7, 1: 0, 2: 0, 3: 0, 4: 0}",1
4573,False,"{'a': 0.001, 'e': 0.010326932402703702}",20,5,27.31643500178819,"{0: 15, 1: 0, 2: 0, 3: 0, 4: 0}",1
4574,False,"{'a': 0.001, 'e': 0.01031661063204648}",25,7,34.78855348467099,"{0: 18, 1: 0, 2: 0, 3: 0, 4: 0}",1
4575,False,"{'a': 0.001, 'e': 0.01030629917800074}",25,0,36.054001237392086,"{0: 25, 1: 0, 2: 0, 3: 0, 4: 0}",0
4576,False,"{'a': 0.001, 'e': 0.010295998030255039}",25,13,18.715427655897827,"{0: 12, 1: 0, 2: 0, 3: 0, 4: 0}",1
4577,False,"{'a': 0.001, 'e': 0.010285707178508234}",20,8,21.001719012574508,"{0: 12, 1: 0, 2: 0, 3: 0, 4: 0}",1
4578,False,"{'a': 0.001, 'e': 0.010275426612469454}",25,11,26.471975822264532,"{0: 14, 1: 0, 2: 0, 3: 0, 4: 0}",1
4579,False,"{'a': 0.001, 'e': 0.010265156321858154}",25,8,29.995387372537223,"{0: 17, 1: 0, 2: 0, 3: 0, 4: 0}",1
4580,False,"{'a': 0.001, 'e': 0.010254896296404022}",25,20,9.455833512958996,"{0: 5, 1: 0, 2: 0, 3: 0, 4: 0}",1
4581,False,"{'a': 0.001, 'e': 0.010244646525847041}",20,11,17.199371100837734,"{0: 9, 1: 0, 2: 0, 3: 0, 4: 0}",1
4582,False,"{'a': 0.001, 'e': 0.010234406999937449}",20,13,11.434256983644929,"{0: 7, 1: 0, 2: 0, 3: 0, 4: 0}",1
4583,False,"{'a': 0.001, 'e': 0.010224177708435698}",25,8,31.306666549742403,"{0: 17, 1: 0, 2: 0, 3: 0, 4: 0}",1
4584,False,"{'a': 0.001, 'e': 0.01021395864111251}",25,15,18.742268164436723,"{0: 10, 1: 0, 2: 0, 3: 0, 4: 0}",1
4585,False,"{'a': 0.001, 'e': 0.010203749787748823}",20,6,23.69943896214102,"{0: 14, 1: 0, 2: 0, 3: 0, 4: 0}",1
4586,False,"{'a': 0.001, 'e': 0.010193551138135765}",25,17,14.913686422075715,"{0: 8, 1: 0, 2: 0, 3: 0, 4: 0}",1
4587,False,"{'a': 0.001, 'e': 0.010183362682074704}",20,8,20.06382943309243,"{0: 12, 1: 0, 2: 0, 3: 0, 4: 0}",1
4588,False,"{'a': 0.001, 'e': 0.010173184409377162}",25,12,26.52123561028756,"{0: 13, 1: 0, 2: 0, 3: 0, 4: 0}",1
4589,False,"{'a': 0.001, 'e': 0.01016301630986488}",25,20,11.575503699471877,"{0: 5, 1: 0, 2: 0, 3: 0, 4: 0}",1
4590,False,"{'a': 0.001, 'e': 0.010152858373369763}",20,3,30.733031178962804,"{0: 17, 1: 0, 2: 0, 3: 0, 4: 0}",1
4591,False,"{'a': 0.001, 'e': 0.010142710589733856}",25,11,24.662488569029904,"{0: 14, 1: 0, 2: 0, 3: 0, 4: 0}",1
4592,False,"{'a': 0.001, 'e': 0.010132572948809385}",20,16,7.443044430871473,"{0: 4, 1: 0, 2: 0, 3: 0, 4: 0}",1
4593,False,"{'a': 0.001, 'e': 0.010122445440458715}",20,16,6.354088493623252,"{0: 4, 1: 0, 2: 0, 3: 0, 4: 0}",1
4594,False,"{'a': 0.001, 'e': 0.010112328054554321}",20,10,20.04532152693796,"{0: 10, 1: 0, 2: 0, 3: 0, 4: 0}",1
4595,False,"{'a': 0.001, 'e': 0.010102220780978834}",25,13,23.94425359713128,"{0: 12, 1: 0, 2: 0, 3: 0, 4: 0}",1
4596,False,"{'a': 0.001, 'e': 0.01009212360962496}",25,14,22.382992961812697,"{0: 11, 1: 0, 2: 0, 3: 0, 4: 0}",1
4597,False,"{'a': 0.001, 'e': 0.010082036530395536}",25,15,17.14048894587433,"{0: 10, 1: 0, 2: 0, 3: 0, 4: 0}",1
4598,False,"{'a': 0.001, 'e': 0.01007195953320349}",25,18,12.050730815383547,"{0: 7, 1: 0, 2: 0, 3: 0, 4: 0}",1
4599,False,"{'a': 0.001, 'e': 0.010061892607971811}",25,15,19.37979354394721,"{0: 10, 1: 0, 2: 0, 3: 0, 4: 0}",1
4600,False,"{'a': 0.001, 'e': 0.010051835744633576}",20,12,14.919565458579266,"{0: 8, 1: 0, 2: 0, 3: 0, 4: 0}",1
4601,False,"{'a': 0.001, 'e': 0.010041788933131934}",20,7,20.44626833967904,"{0: 13, 1: 0, 2: 0, 3: 0, 4: 0}",1
4602,False,"{'a': 0.001, 'e': 0.010031752163420051}",20,9,18.56778544621314,"{0: 11, 1: 0, 2: 0, 3: 0, 4: 0}",1
4603,False,"{'a': 0.001, 'e': 0.010021725425461177}",30,16,25.94590693207091,"{0: 14, 1: 0, 2: 0, 3: 0, 4: 0}",1
4604,False,"{'a': 0.001, 'e': 0.010011708709228555}",30,18,26.289203693125415,"{0: 12, 1: 0, 2: 0, 3: 0, 4: 0}",1
4605,False,"{'a': 0.001, 'e': 0.010001702004705479}",25,11,28.10422484720299,"{0: 14, 1: 0, 2: 0, 3: 0, 4: 0}",1
4606,False,"{'a': 0.001, 'e': 0.009991705301885246}",20,13,11.677296170643483,"{0: 7, 1: 0, 2: 0, 3: 0, 4: 0}",1
1,True,"{'a': 0, 'e': 0}",25,18,12.830824186532643,"{0: 7, 1: 0, 2: 0, 3: 0, 4: 0}",1
2,True,"{'a': 0, 'e': 0}",20,12,14.181503872224427,"{0: 8, 1: 0, 2: 0, 3: 0, 4: 0}",1
3,True,"{'a': 0, 'e': 0}",20,15,6.722235770002511,"{0: 5, 1: 0, 2: 0, 3: 0, 4: 0}",1
4,True,"{'a': 0, 'e': 0}",25,13,24.062635954301243,"{0: 12, 1: 0, 2: 0, 3: 0, 4: 0}",1
5,True,"{'a': 0, 'e': 0}",30,22,14.847168687808889,"{0: 8, 1: 0, 2: 0, 3: 0, 4: 0}",1
6,True,"{'a': 0, 'e': 0}",35,23,24.516622012268964,"{0: 12, 1: 0, 2: 0, 3: 0, 4: 0}",1
7,True,"{'a': 0, 'e': 0}",20,14,10.564006689869311,"{0: 6, 1: 0, 2: 0, 3: 0, 4: 0}",1
8,True,"{'a': 0, 'e': 0}",20,13,12.900318683754193,"{0: 7, 1: 0, 2: 0, 3: 0, 4: 0}",1
9,True,"{'a': 0, 'e': 0}",20,16,7.690502499930558,"{0: 4, 1: 0, 2: 0, 3: 0, 4: 0}",1
10,True,"{'a': 0, 'e': 0}",25,13,20.60927054252737,"{0: 12, 1: 0, 2: 0, 3: 0, 4: 0}",1
11,True,"{'a': 0, 'e': 0}",30,18,23.44971563399644,"{0: 12, 1: 0, 2: 0, 3: 0, 4: 0}",1
12,True,"{'a': 0, 'e': 0}",20,8,23.436903707024122,"{0: 12, 1: 0, 2: 0, 3: 0, 4: 0}",1
13,True,"{'a': 0, 'e': 0}",20,16,9.154717559739836,"{0: 4, 1: 0, 2: 0, 3: 0, 4: 0}",1
14,True,"{'a': 0, 'e': 0}",20,12,16.556869046482234,"{0: 8, 1: 0, 2: 0, 3: 0, 4: 0}",1
15,True,"{'a': 0, 'e': 0}",25,15,19.40088966392051,"{0: 10, 1: 0, 2: 0, 3: 0, 4: 0}",1
16,True,"{'a': 0, 'e': 0}",25,15,21.619378178777062,"{0: 10, 1: 0, 2: 0, 3: 0, 4: 0}",1
17,True,"{'a': 0, 'e': 0}",30,15,27.222232864118375,"{0: 15, 1: 0, 2: 0, 3: 0, 4: 0}",1
18,True,"{'a': 0, 'e': 0}",25,8,28.23022442734768,"{0: 17, 1: 0, 2: 0, 3: 0, 4: 0}",1
19,True,"{'a': 0, 'e': 0}",25,15,22.37396114133909,"{0: 10, 1: 0, 2: 0, 3: 0, 4: 0}",1
20,True,"{'a': 0, 'e': 0}",30,13,35.26136761326689,"{0: 17, 1: 0, 2: 0, 3: 0, 4: 0}",1
21,True,"{'a': 0, 'e': 0}",20,14,10.067385722163607,"{0: 6, 1: 0, 2: 0, 3: 0, 4: 0}",1
22,True,"{'a': 0, 'e': 0}",25,17,15.71407793472456,"{0: 8, 1: 0, 2: 0, 3: 0, 4: 0}",1
23,True,"{'a': 0, 'e': 0}",25,13,17.892986764630347,"{0: 12, 1: 0, 2: 0, 3: 0, 4: 0}",1
24,True,"{'a': 0, 'e': 0}",20,9,18.665161894528435,"{0: 11, 1: 0, 2: 0, 3: 0, 4: 0}",1
25,True,"{'a': 0, 'e': 0}",20,12,14.009593594795884,"{0: 8, 1: 0, 2: 0, 3: 0, 4: 0}",1
26,True,"{'a': 0, 'e': 0}",30,21,17.682416796358336,"{0: 9, 1: 0, 2: 0, 3: 0, 4: 0}",1
27,True,"{'a': 0, 'e': 0}",25,8,34.64637394597811,"{0: 17, 1: 0, 2: 0, 3: 0, 4: 0}",1
28,True,"{'a': 0, 'e': 0}",25,18,15.01310078109128,"{0: 7, 1: 0, 2: 0, 3: 0, 4: 0}",1
29,True,"{'a': 0, 'e': 0}",20,6,27.024110849306233,"{0: 14, 1: 0, 2: 0, 3: 0, 4: 0}",1
30,True,"{'a': 0, 'e': 0}",30,21,17.904572398855656,"{0: 9, 1: 0, 2: 0, 3: 0, 4: 0}",1
31,True,"{'a': 0, 'e': 0}",25,18,13.292144610111666,"{0: 7, 1: 0, 2: 0, 3: 0, 4: 0}",1
32,True,"{'a': 0, 'e': 0}",30,15,28.60351380243376,"{0: 15, 1: 0, 2: 0, 3: 0, 4: 0}",1
33,True,"{'a': 0, 'e': 0}",20,13,13.499781561191515,"{0: 7, 1: 0, 2: 0, 3: 0, 4: 0}",1
34,True,"{'a': 0, 'e': 0}",20,10,18.21124316824214,"{0: 10, 1: 0, 2: 0, 3: 0, 4: 0}",1
35,True,"{'a': 0, 'e': 0}",20,11,12.886374450851278,"{0: 9, 1: 0, 2: 0, 3: 0, 4: 0}",1
36,True,"{'a': 0, 'e': 0}",20,11,16.39829377636461,"{0: 9, 1: 0, 2: 0, 3: 0, 4: 0}",1
37,True,"{'a': 0, 'e': 0}",20,3,31.37676748985805,"{0: 17, 1: 0, 2: 0, 3: 0, 4: 0}",1
38,True,"{'a': 0, 'e': 0}",20,8,18.612797877198187,"{0: 12, 1: 0, 2: 0, 3: 0, 4: 0}",1
39,True,"{'a': 0, 'e': 0}",20,14,10.025250327007189,"{0: 6, 1: 0, 2: 0, 3: 0, 4: 0}",1
40,True,"{'a': 0, 'e': 0}",20,6,26.346897904847403,"{0: 14, 1: 0, 2: 0, 3: 0, 4: 0}",1
41,True,"{'a': 0, 'e': 0}",20,11,16.775332422497016,"{0: 9, 1: 0, 2: 0, 3: 0, 4: 0}",1
42,True,"{'a': 0, 'e': 0}",30,18,22.273650797289765,"{0: 12, 1: 0, 2: 0, 3: 0, 4: 0}",1
43,True,"{'a': 0, 'e': 0}",20,14,12.831639404535254,"{0: 6, 1: 0, 2: 0, 3: 0, 4: 0}",1
44,True,"{'a': 0, 'e': 0}",20,10,18.779393172062953,"{0: 10, 1: 0, 2: 0, 3: 0, 4: 0}",1
45,True,"{'a': 0, 'e': 0}",20,16,10.9844762669339,"{0: 4, 1: 0, 2: 0, 3: 0, 4: 0}",1
46,True,"{'a': 0, 'e': 0}",30,23,15.068752290173656,"{0: 7, 1: 0, 2: 0, 3: 0, 4: 0}",1
47,True,"{'a': 0, 'e': 0}",25,15,16.163825951467867,"{0: 10, 1: 0, 2: 0, 3: 0, 4: 0}",1
48,True,"{'a': 0, 'e': 0}",25,15,18.103295791743424,"{0: 10, 1: 0, 2: 0, 3: 0, 4: 0}",1
49,True,"{'a': 0, 'e': 0}",20,16,9.061605094414606,"{0: 4, 1: 0, 2: 0, 3: 0, 4: 0}",1
50,True,"{'a': 0, 'e': 0}",20,11,19.040657474280373,"{0: 9, 1: 0, 2: 0, 3: 0, 4: 0}",1
51,True,"{'a': 0, 'e': 0}",20,11,15.190554026129123,"{0: 9, 1: 0, 2: 0, 3: 0, 4: 0}",1
52,True,"{'a': 0, 'e': 0}",20,8,20.600660871203576,"{0: 12, 1: 0, 2: 0, 3: 0, 4: 0}",1
53,True,"{'a': 0, 'e': 0}",20,12,17.461018734615944,"{0: 8, 1: 0, 2: 0, 3: 0, 4: 0}",1
54,True,"{'a': 0, 'e': 0}",20,4,26.304684345563444,"{0: 16, 1: 0, 2: 0, 3: 0, 4: 0}",1
55,True,"{'a': 0, 'e': 0}",30,22,13.369935248622028,"{0: 8, 1: 0, 2: 0, 3: 0, 4: 0}",1
56,True,"{'a': 0, 'e': 0}",20,16,8.499322143551746,"{0: 4, 1: 0, 2: 0, 3: 0, 4: 0}",1
57,True,"{'a': 0, 'e': 0}",30,12,32.114373864215466,"{0: 18, 1: 0, 2: 0, 3: 0, 4: 0}",1
58,True,"{'a': 0, 'e': 0}",25,12,20.800859490931735,"{0: 13, 1: 0, 2: 0, 3: 0, 4: 0}",1
59,True,"{'a': 0, 'e': 0}",20,13,14.789453310401958,"{0: 7, 1: 0, 2: 0, 3: 0, 4: 0}",1
60,True,"{'a': 0, 'e': 0}",25,8,31.531695628620596,"{0: 17, 1: 0, 2: 0, 3: 0, 4: 0}",1
61,True,"{'a': 0, 'e': 0}",20,10,22.5020190193017,"{0: 10, 1: 0, 2: 0, 3: 0, 4: 0}",1
62,True,"{'a': 0, 'e': 0}",20,0,36.24434944484126,"{0: 20, 1: 0, 2: 0, 3: 0, 4: 0}",1
63,True,"{'a': 0, 'e': 0}",35,18,30.48768955948375,"{0: 17, 1: 0, 2: 0, 3: 0, 4: 0}",1
64,True,"{'a': 0, 'e': 0}",30,12,29.549039785133402,"{0: 18, 1: 0, 2: 0, 3: 0, 4: 0}",1
65,True,"{'a': 0, 'e': 0}",30,16,30.52313405210894,"{0: 14, 1: 0, 2: 0, 3: 0, 4: 0}",1
66,True,"{'a': 0, 'e': 0}",20,10,19.682584157694553,"{0: 10, 1: 0, 2: 0, 3: 0, 4: 0}",1
67,True,"{'a': 0, 'e': 0}",25,10,31.2687144805752,"{0: 15, 1: 0, 2: 0, 3: 0, 4: 0}",1
68,True,"{'a': 0, 'e': 0}",25,2,34.074983927167274,"{0: 23, 1: 0, 2: 0, 3: 0, 4: 0}",1
69,True,"{'a': 0, 'e': 0}",35,18,34.0599592285533,"{0: 17, 1: 0, 2: 0, 3: 0, 4: 0}",1
70,True,"{'a': 0, 'e': 0}",20,7,23.784510222844588,"{0: 13, 1: 0, 2: 0, 3: 0, 4: 0}",1
71,True,"{'a': 0, 'e': 0}",25,10,28.993277752336212,"{0: 15, 1: 0, 2: 0, 3: 0, 4: 0}",1
72,True,"{'a': 0, 'e': 0}",30,12,31.90641531187844,"{0: 18, 1: 0, 2: 0, 3: 0, 4: 0}",1
73,True,"{'a': 0, 'e': 0}",25,16,20.16251001126304,"{0: 9, 1: 0, 2: 0, 3: 0, 4: 0}",1
74,True,"{'a': 0, 'e': 0}",20,10,20.39630336649228,"{0: 10, 1: 0, 2: 0, 3: 0, 4: 0}",1
75,True,"{'a': 0, 'e': 0}",30,16,28.397649565367868,"{0: 14, 1: 0, 2: 0, 3: 0, 4: 0}",1
76,True,"{'a': 0, 'e': 0}",25,14,22.48854894333313,"{0: 11, 1: 0, 2: 0, 3: 0, 4: 0}",1
77,True,"{'a': 0, 'e': 0}",20,14,13.211643790869907,"{0: 6, 1: 0, 2: 0, 3: 0, 4: 0}",1
78,True,"{'a': 0, 'e': 0}",35,22,24.831620824637344,"{0: 13, 1: 0, 2: 0, 3: 0, 4: 0}",1
79,True,"{'a': 0, 'e': 0}",30,16,27.451046580714213,"{0: 14, 1: 0, 2: 0, 3: 0, 4: 0}",1
80,True,"{'a': 0, 'e': 0}",20,14,11.905413751552183,"{0: 6, 1: 0, 2: 0, 3: 0, 4: 0}",1
81,True,"{'a': 0, 'e': 0}",25,10,20.70919596521229,"{0: 15, 1: 0, 2: 0, 3: 0, 4: 0}",1
82,True,"{'a': 0, 'e': 0}",20,15,10.381831136152767,"{0: 5, 1: 0, 2: 0, 3: 0, 4: 0}",1
83,True,"{'a': 0, 'e': 0}",25,16,16.20630722478499,"{0: 9, 1: 0, 2: 0, 3: 0, 4: 0}",1
84,True,"{'a': 0, 'e': 0}",25,2,36.35354243665014,"{0: 23, 1: 0, 2: 0, 3: 0, 4: 0}",1
85,True,"{'a': 0, 'e': 0}",25,17,13.048419743481425,"{0: 8, 1: 0, 2: 0, 3: 0, 4: 0}",1
86,True,"{'a': 0, 'e': 0}",25,10,27.020425114337314,"{0: 15, 1: 0, 2: 0, 3: 0, 4: 0}",1
87,True,"{'a': 0, 'e': 0}",25,14,19.669339324744662,"{0: 11, 1: 0, 2: 0, 3: 0, 4: 0}",1
88,True,"{'a': 0, 'e': 0}",30,19,18.64805502608988,"{0: 11, 1: 0, 2: 0, 3: 0, 4: 0}",1
89,True,"{'a': 0, 'e': 0}",30,12,32.28936400044475,"{0: 18, 1: 0, 2: 0, 3: 0, 4: 0}",1
90,True,"{'a': 0, 'e': 0}",30,20,15.841526498654403,"{0: 10, 1: 0, 2: 0, 3: 0, 4: 0}",1
91,True,"{'a': 0, 'e': 0}",25,16,17.91224678704226,"{0: 9, 1: 0, 2: 0, 3: 0, 4: 0}",1
92,True,"{'a': 0, 'e': 0}",20,3,30.654356822409028,"{0: 17, 1: 0, 2: 0, 3: 0, 4: 0}",1
93,True,"{'a': 0, 'e': 0}",20,5,27.20747072385562,"{0: 15, 1: 0, 2: 0, 3: 0, 4: 0}",1
94,True,"{'a': 0, 'e': 0}",25,13,26.78254533345818,"{0: 12, 1: 0, 2: 0, 3: 0, 4: 0}",1
95,True,"{'a': 0, 'e': 0}",25,17,12.664959215813765,"{0: 8, 1: 0, 2: 0, 3: 0, 4: 0}",1
96,True,"{'a': 0, 'e': 0}",25,19,10.315844568104161,"{0: 6, 1: 0, 2: 0, 3: 0, 4: 0}",1
97,True,"{'a': 0, 'e': 0}",35,7,48.789266100392894,"{0: 28, 1: 0, 2: 0, 3: 0, 4: 0}",1
98,True,"{'a': 0, 'e': 0}",20,7,24.153276337237248,"{0: 13, 1: 0, 2: 0, 3: 0, 4: 0}",1
99,True,"{'a': 0, 'e': 0}",25,14,18.32341305570735,"{0: 11, 1: 0, 2: 0, 3: 0, 4: 0}",1
100,True,"{'a': 0, 'e': 0}",25,11,27.629033792880463,"{0: 14, 1: 0, 2: 0, 3: 0, 4: 0}",1
101,True,"{'a': 0, 'e': 0}",25,19,10.91996977628703,"{0: 6, 1: 0, 2: 0, 3: 0, 4: 0}",1
102,True,"{'a': 0, 'e': 0}",30,19,21.892261352889662,"{0: 11, 1: 0, 2: 0, 3: 0, 4: 0}",1
103,True,"{'a': 0, 'e': 0}",30,18,23.316719975257378,"{0: 12, 1: 0, 2: 0, 3: 0, 4: 0}",1
104,True,"{'a': 0, 'e': 0}",20,3,25.826280545825107,"{0: 17, 1: 0, 2: 0, 3: 0, 4: 0}",1
105,True,"{'a': 0, 'e': 0}",20,11,19.0845115311546,"{0: 9, 1: 0, 2: 0, 3: 0, 4: 0}",1
106,True,"{'a': 0, 'e': 0}",30,16,27.514228189057917,"{0: 14, 1: 0, 2: 0, 3: 0, 4: 0}",1
107,True,"{'a': 0, 'e': 0}",25,19,12.50749223941754,"{0: 6, 1: 0, 2: 0, 3: 0, 4: 0}",1
108,True,"{'a': 0, 'e': 0}",20,8,21.189738913904094,"{0: 12, 1: 0, 2: 0, 3: 0, 4: 0}",1
109,True,"{'a': 0, 'e': 0}",25,19,12.209107766024623,"{0: 6, 1: 0, 2: 0, 3: 0, 4: 0}",1
110,True,"{'a': 0, 'e': 0}",25,17,16.106056686840184,"{0: 8, 1: 0, 2: 0, 3: 0, 4: 0}",1
111,True,"{'a': 0, 'e': 0}",25,14,23.566616553850096,"{0: 11, 1: 0, 2: 0, 3: 0, 4: 0}",1
112,True,"{'a': 0, 'e': 0}",20,10,18.319111605574985,"{0: 10, 1: 0, 2: 0, 3: 0, 4: 0}",1
113,True,"{'a': 0, 'e': 0}",30,16,27.963051077274038,"{0: 14, 1: 0, 2: 0, 3: 0, 4: 0}",1
114,True,"{'a': 0, 'e': 0}",20,14,14.632038810447993,"{0: 6, 1: 0, 2: 0, 3: 0, 4: 0}",1
115,True,"{'a': 0, 'e': 0}",30,19,20.040918291885575,"{0: 11, 1: 0, 2: 0, 3: 0, 4: 0}",1
116,True,"{'a': 0, 'e': 0}",20,10,18.182035123643793,"{0: 10, 1: 0, 2: 0, 3: 0, 4: 0}",1
117,True,"{'a': 0, 'e': 0}",20,9,22.75644392594032,"{0: 11, 1: 0, 2: 0, 3: 0, 4: 0}",1
118,True,"{'a': 0, 'e': 0}",20,6,23.16882144618364,"{0: 14, 1: 0, 2: 0, 3: 0, 4: 0}",1
119,True,"{'a': 0, 'e': 0}",25,11,23.754484939121003,"{0: 14, 1: 0, 2: 0, 3: 0, 4: 0}",1
120,True,"{'a': 0, 'e': 0}",25,8,30.412615167543468,"{0: 17, 1: 0, 2: 0, 3: 0, 4: 0}",1
121,True,"{'a': 0, 'e': 0}",20,14,11.829851760784095,"{0: 6, 1: 0, 2: 0, 3: 0, 4: 0}",1
122,True,"{'a': 0, 'e': 0}",20,16,6.428669567469765,"{0: 4, 1: 0, 2: 0, 3: 0, 4: 0}",1
123,True,"{'a': 0, 'e': 0}",20,16,7.076154675434259,"{0: 4, 1: 0, 2: 0, 3: 0, 4: 0}",1
124,True,"{'a': 0, 'e': 0}",30,22,15.03357472151057,"{0: 8, 1: 0, 2: 0, 3: 0, 4: 0}",1
125,True,"{'a': 0, 'e': 0}",25,15,20.397747111226426,"{0: 10, 1: 0, 2: 0, 3: 0, 4: 0}",1
126,True,"{'a': 0, 'e': 0}",20,8,18.76327972995368,"{0: 12, 1: 0, 2: 0, 3: 0, 4: 0}",1
127,True,"{'a': 0, 'e': 0}",25,15,18.88327030240185,"{0: 10, 1: 0, 2: 0, 3: 0, 4: 0}",1
128,True,"{'a': 0, 'e': 0}",25,14,23.025271823208804,"{0: 11, 1: 0, 2: 0, 3: 0, 4: 0}",1
129,True,"{'a': 0, 'e': 0}",20,16,8.9191542864647,"{0: 4, 1: 0, 2: 0, 3: 0, 4: 0}",1
130,True,"{'a': 0, 'e': 0}",20,12,17.49675252323272,"{0: 8, 1: 0, 2: 0, 3: 0, 4: 0}",1
131,True,"{'a': 0, 'e': 0}",25,16,17.743431257500436,"{0: 9, 1: 0, 2: 0, 3: 0, 4: 0}",1
132,True,"{'a': 0, 'e': 0}",20,8,23.9084236583326,"{0: 12, 1: 0, 2: 0, 3: 0, 4: 0}",1
133,True,"{'a': 0, 'e': 0}",25,8,31.462378432277493,"{0: 17, 1: 0, 2: 0, 3: 0, 4: 0}",1
134,True,"{'a': 0, 'e': 0}",25,12,21.857910675765783,"{0: 13, 1: 0, 2: 0, 3: 0, 4: 0}",1
135,True,"{'a': 0, 'e': 0}",20,11,16.774710150737803,"{0: 9, 1: 0, 2: 0, 3: 0, 4: 0}",1
136,True,"{'a': 0, 'e': 0}",30,15,27.8244256755876,"{0: 15, 1: 0, 2: 0, 3: 0, 4: 0}",1
137,True,"{'a': 0, 'e': 0}",20,8,19.15823161455847,"{0: 12, 1: 0, 2: 0, 3: 0, 4: 0}",1
138,True,"{'a': 0, 'e': 0}",30,8,39.21675111099022,"{0: 22, 1: 0, 2: 0, 3: 0, 4: 0}",1
139,True,"{'a': 0, 'e': 0}",35,23,23.808021416747753,"{0: 12, 1: 0, 2: 0, 3: 0, 4: 0}",1
140,True,"{'a': 0, 'e': 0}",25,7,37.48214775846254,"{0: 18, 1: 0, 2: 0, 3: 0, 4: 0}",1
141,True,"{'a': 0, 'e': 0}",35,27,16.24548567518538,"{0: 8, 1: 0, 2: 0, 3: 0, 4: 0}",1
142,True,"{'a': 0, 'e': 0}",30,18,24.948006634535886,"{0: 12, 1: 0, 2: 0, 3: 0, 4: 0}",1
143,True,"{'a': 0, 'e': 0}",20,16,6.931431363874986,"{0: 4, 1: 0, 2: 0, 3: 0, 4: 0}",1
144,True,"{'a': 0, 'e': 0}",20,15,12.418534787743418,"{0: 5, 1: 0, 2: 0, 3: 0, 4: 0}",1
145,True,"{'a': 0, 'e': 0}",25,14,22.669206892164574,"{0: 11, 1: 0, 2: 0, 3: 0, 4: 0}",1
146,True,"{'a': 0, 'e': 0}",35,13,36.31430110097742,"{0: 22, 1: 0, 2: 0, 3: 0, 4: 0}",1
147,True,"{'a': 0, 'e': 0}",25,11,25.986437520936278,"{0: 14, 1: 0, 2: 0, 3: 0, 4: 0}",1
148,True,"{'a': 0, 'e': 0}",20,0,32.514890795677104,"{0: 20, 1: 0, 2: 0, 3: 0, 4: 0}",0
149,True,"{'a': 0, 'e': 0}",25,10,24.566925396085,"{0: 15, 1: 0, 2: 0, 3: 0, 4: 0}",1
150,True,"{'a': 0, 'e': 0}",20,13,14.248239123559758,"{0: 7, 1: 0, 2: 0, 3: 0, 4: 0}",1
151,True,"{'a': 0, 'e': 0}",20,11,18.38007428520122,"{0: 9, 1: 0, 2: 0, 3: 0, 4: 0}",1
152,True,"{'a': 0, 'e': 0}",30,21,20.073781686979284,"{0: 9, 1: 0, 2: 0, 3: 0, 4: 0}",1
153,True,"{'a': 0, 'e': 0}",30,20,19.54526920068704,"{0: 10, 1: 0, 2: 0, 3: 0, 4: 0}",1
154,True,"{'a': 0, 'e': 0}",25,17,17.361391598918836,"{0: 8, 1: 0, 2: 0, 3: 0, 4: 0}",1
155,True,"{'a': 0, 'e': 0}",25,7,34.4571294646886,"{0: 18, 1: 0, 2: 0, 3: 0, 4: 0}",1
156,True,"{'a': 0, 'e': 0}",20,13,15.338306287491273,"{0: 7, 1: 0, 2: 0, 3: 0, 4: 0}",1
157,True,"{'a': 0, 'e': 0}",25,10,28.702933720854322,"{0: 15, 1: 0, 2: 0, 3: 0, 4: 0}",1
158,True,"{'a': 0, 'e': 0}",25,13,23.20738233498249,"{0: 12, 1: 0, 2: 0, 3: 0, 4: 0}",1
159,True,"{'a': 0, 'e': 0}",25,12,23.386760541516015,"{0: 13, 1: 0, 2: 0, 3: 0, 4: 0}",1
160,True,"{'a': 0, 'e': 0}",20,11,17.88665055686152,"{0: 9, 1: 0, 2: 0, 3: 0, 4: 0}",1
161,True,"{'a': 0, 'e': 0}",20,8,18.72639984559323,"{0: 12, 1: 0, 2: 0, 3: 0, 4: 0}",1
162,True,"{'a': 0, 'e': 0}",30,22,18.67567840630048,"{0: 8, 1: 0, 2: 0, 3: 0, 4: 0}",1
163,True,"{'a': 0, 'e': 0}",25,17,17.048873665751444,"{0: 8, 1: 0, 2: 0, 3: 0, 4: 0}",1
164,True,"{'a': 0, 'e': 0}",30,17,25.048660786413688,"{0: 13, 1: 0, 2: 0, 3: 0, 4: 0}",1
165,True,"{'a': 0, 'e': 0}",25,18,14.96051537435888,"{0: 7, 1: 0, 2: 0, 3: 0, 4: 0}",1
166,True,"{'a': 0, 'e': 0}",25,14,20.866097582702682,"{0: 11, 1: 0, 2: 0, 3: 0, 4: 0}",1
167,True,"{'a': 0, 'e': 0}",25,15,17.984392883877973,"{0: 10, 1: 0, 2: 0, 3: 0, 4: 0}",1
168,True,"{'a': 0, 'e': 0}",30,11,34.33597533226386,"{0: 19, 1: 0, 2: 0, 3: 0, 4: 0}",1
169,True,"{'a': 0, 'e': 0}",20,16,6.933163854219033,"{0: 4, 1: 0, 2: 0, 3: 0, 4: 0}",1
170,True,"{'a': 0, 'e': 0}",25,8,29.16034366519826,"{0: 17, 1: 0, 2: 0, 3: 0, 4: 0}",1
171,True,"{'a': 0, 'e': 0}",25,11,24.3333580192891,"{0: 14, 1: 0, 2: 0, 3: 0, 4: 0}",1
172,True,"{'a': 0, 'e': 0}",25,19,10.015825834206808,"{0: 6, 1: 0, 2: 0, 3: 0, 4: 0}",1
173,True,"{'a': 0, 'e': 0}",20,15,10.763182369144163,"{0: 5, 1: 0, 2: 0, 3: 0, 4: 0}",1
174,True,"{'a': 0, 'e': 0}",20,10,17.29442669232378,"{0: 10, 1: 0, 2: 0, 3: 0, 4: 0}",1
175,True,"{'a': 0, 'e': 0}",25,14,18.73880615803847,"{0: 11, 1: 0, 2: 0, 3: 0, 4: 0}",1
176,True,"{'a': 0, 'e': 0}",20,12,16.562155946586557,"{0: 8, 1: 0, 2: 0, 3: 0, 4: 0}",1
177,True,"{'a': 0, 'e': 0}",20,14,11.558695209192512,"{0: 6, 1: 0, 2: 0, 3: 0, 4: 0}",1
178,True,"{'a': 0, 'e': 0}",20,13,10.949096349055042,"{0: 7, 1: 0, 2: 0, 3: 0, 4: 0}",1
179,True,"{'a': 0, 'e': 0}",20,9,21.368013899357738,"{0: 11, 1: 0, 2: 0, 3: 0, 4: 0}",1
180,True,"{'a': 0, 'e': 0}",20,0,31.357347677062208,"{0: 20, 1: 0, 2: 0, 3: 0, 4: 0}",0
181,True,"{'a': 0, 'e': 0}",20,8,19.35808855685494,"{0: 12, 1: 0, 2: 0, 3: 0, 4: 0}",1
182,True,"{'a': 0, 'e': 0}",25,13,21.437328216431744,"{0: 12, 1: 0, 2: 0, 3: 0, 4: 0}",1
183,True,"{'a': 0, 'e': 0}",20,13,15.322891624415554,"{0: 7, 1: 0, 2: 0, 3: 0, 4: 0}",1
184,True,"{'a': 0, 'e': 0}",25,19,11.62298174336463,"{0: 6, 1: 0, 2: 0, 3: 0, 4: 0}",1
185,True,"{'a': 0, 'e': 0}",20,15,10.212894985736373,"{0: 5, 1: 0, 2: 0, 3: 0, 4: 0}",1
186,True,"{'a': 0, 'e': 0}",30,13,36.83254993385982,"{0: 17, 1: 0, 2: 0, 3: 0, 4: 0}",1
187,True,"{'a': 0, 'e': 0}",30,13,31.0797652084094,"{0: 17, 1: 0, 2: 0, 3: 0, 4: 0}",1
188,True,"{'a': 0, 'e': 0}",25,18,14.642587513011685,"{0: 7, 1: 0, 2: 0, 3: 0, 4: 0}",1
189,True,"{'a': 0, 'e': 0}",30,16,22.797022121958744,"{0: 14, 1: 0, 2: 0, 3: 0, 4: 0}",1
190,True,"{'a': 0, 'e': 0}",25,15,17.453169780008935,"{0: 10, 1: 0, 2: 0, 3: 0, 4: 0}",1
191,True,"{'a': 0, 'e': 0}",25,9,28.178477170478594,"{0: 16, 1: 0, 2: 0, 3: 0, 4: 0}",1
192,True,"{'a': 0, 'e': 0}",25,13,23.738155776246188,"{0: 12, 1: 0, 2: 0, 3: 0, 4: 0}",1
193,True,"{'a': 0, 'e': 0}",30,18,24.569028293202255,"{0: 12, 1: 0, 2: 0, 3: 0, 4: 0}",1
194,True,"{'a': 0, 'e': 0}",20,13,12.831408671973167,"{0: 7, 1: 0, 2: 0, 3: 0, 4: 0}",1
195,True,"{'a': 0, 'e': 0}",20,12,12.027130142975555,"{0: 8, 1: 0, 2: 0, 3: 0, 4: 0}",1
196,True,"{'a': 0, 'e': 0}",20,14,11.296820720031395,"{0: 6, 1: 0, 2: 0, 3: 0, 4: 0}",1
197,True,"{'a': 0, 'e': 0}",20,12,14.777665218646389,"{0: 8, 1: 0, 2: 0, 3: 0, 4: 0}",1
198,True,"{'a': 0, 'e': 0}",20,6,23.004378929386075,"{0: 14, 1: 0, 2: 0, 3: 0, 4: 0}",1
199,True,"{'a': 0, 'e': 0}",30,15,26.54419433806824,"{0: 15, 1: 0, 2: 0, 3: 0, 4: 0}",1
200,True,"{'a': 0, 'e': 0}",30,16,24.364081057826713,"{0: 14, 1: 0, 2: 0, 3: 0, 4: 0}",1
